171
276
104
179
310
267
219
116
410
211
337
197
345
437
445
203
114
300
106
400
201
274
209
487
173
387
213
155
227
278
10
165
500
118
45
295
37
202
0
510
108
172
125
212
87
257
432
105
33
332
192
344
89
262
259
156
128
450
81
251
444
20
350
83
168
253
382
222
115
482
275
60
520
446
140
154
48
39
298
31
346
207
433
193
32
164
333
381
294
229
389
44
126
420
158
263
221
280
50
481
320
489
460
261
223
166
82
269
252
383
217
177
360
483
431
230
439
448
124
199
46
331
348
191
339
296
111
216
370
119
167
279
204
176
271
470
103
35
297
47
109
174
101
206
214
127
255
85
113
273
218
70
265
178
447
102
435
195
347
335
208
157
225
112
385
272
485
292
343
42
205
443
488
151
228
256
86
162
159
388
34
175
122
215
153
268
341
36
198
349
84
338
254
240
441
438
449
90
342
264
43
293
442
107
434
180
486
88
121
163
258
334
226
194
129
386
277
117
169
152
266
123
161
384
49
196
38
490
291
41
336
299
224
390
484
130
436
307
522
407
142
233
394
329
186
51
480
281
363
321
134
59
62
289
380
429
494
220
463
421
22
361
323
317
53
283
352
369
260
461
423
469
452
75
417
330
190
496
136
98
231
430
184
396
239
248
7
143
232
517
523
362
359
244
21
188
63
351
29
94
459
462
250
451
80
69
52
282
353
17
475
61
23
322
375
453
507
422
498
30
521
149
138
96
246
398
141
509
378
501
76
478
11
67
19
135
402
395
147
513
3
302
495
511
519
9
74
1
503
412
457
185
27
357
13
312
376
467
419
78
210
411
170
319
367
476
311
237
512
95
245
403
2
303
200
401
474
409
301
309
374
413
502
427
12
57
313
287
327
364
242
133
92
515
393
464
5
493
120
458
426
189
326
234
358
181
28
286
56
505
466
377
160
68
183
477
15
366
391
148
139
54
284
399
324
131
236
290
491
40
424
499
93
392
64
405
132
243
492
305
150
428
456
356
328
58
288
144
26
415
77
468
315
66
368
182
440
241
24
99
146
238
354
249
91
340
454
514
318
365
16
506
418
71
465
4
79
247
97
235
6
504
308
14
516
408
325
472
285
55
425
73
372
316
65
479
404
18
471
270
304
379
110
416
508
371
497
397
145
137
8
306
414
314
100
406
518
473
355
187
25
72
455
373
