171 410
171 510
171 172
171 332
171 447
171 385
171 490
171 364
171 290
171 473
276 277
104 114
104 112
104 110
179 181
310 311
267 271
267 268
219 222
116 117
116 313
410 412
211 214
337 489
337 338
197 199
345 345
437 439
445 447
445 469
445 462
445 465
203 204
203 235
114 115
300 305
106 107
400 402
400 403
201 202
274 275
274 383
274 348
274 338
274 299
274 475
274 498
274 378
274 512
274 324
274 392
274 288
274 306
274 373
209 215
487 487
173 174
387 388
387 392
387 397
213 214
155 165
155 159
155 161
155 427
155 182
227 229
227 388
227 391
278 281
278 409
10 495
10 12
165 166
165 426
500 502
118 133
45 123
45 57
45 56
45 139
295 296
37 39
202 204
202 235
0 2
510 511
108 115
108 109
172 252
172 283
125 126
212 213
212 220
87 89
257 262
432 433
432 449
105 107
33 348
33 299
33 396
33 301
33 133
33 146
33 318
332 348
332 339
332 334
332 357
192 195
344 345
89 126
89 90
89 91
262 271
262 268
259 260
156 158
128 129
128 131
450 451
81 125
81 82
251 252
251 439
251 470
251 485
251 323
251 319
444 445
444 484
20 25
350 351
83 125
83 84
168 170
253 257
253 262
253 420
253 417
382 384
222 224
115 116
482 487
275 276
275 333
60 63
520 522
520 523
446 447
446 459
140 141
140 315
154 155
48 104
48 105
48 49
39 48
39 41
298 298
31 33
346 347
207 209
433 441
193 195
32 33
164 167
164 169
164 426
333 334
381 382
294 296
229 231
389 390
389 393
44 45
126 127
126 315
420 422
158 165
158 159
158 237
158 160
263 264
221 222
280 281
280 409
50 123
50 57
50 120
50 56
50 139
481 482
481 519
481 515
320 321
320 328
489 500
489 510
489 490
489 498
489 519
489 512
489 515
489 493
489 506
489 504
460 461
460 462
460 464
261 262
261 420
223 224
166 167
166 169
82 85
82 92
269 273
269 272
269 429
269 416
252 276
252 300
252 307
252 289
383 384
217 219
177 179
360 383
360 363
360 378
360 373
483 487
483 486
431 433
230 231
439 441
439 451
448 450
124 126
199 244
199 200
46 49
331 333
331 334
348 349
348 352
191 192
339 340
296 298
111 113
216 224
370 381
370 376
370 371
119 122
167 168
167 434
167 429
279 280
204 239
204 241
176 177
176 180
271 273
271 272
271 429
470 471
103 104
35 50
35 36
35 121
297 298
47 49
109 112
109 110
174 179
101 102
206 222
206 207
214 215
214 233
127 132
255 257
255 258
85 90
113 117
113 313
273 274
273 282
218 219
70 71
265 266
178 179
178 180
447 459
102 104
102 106
435 437
195 500
195 385
195 196
195 451
195 282
195 412
195 467
195 515
195 358
195 477
195 328
195 465
195 504
347 349
347 352
335 336
208 209
157 158
225 234
112 113
385 386
272 274
272 282
485 486
485 522
485 507
292 295
292 294
343 345
42 50
42 43
42 121
205 223
205 215
443 444
443 482
443 452
443 475
443 457
443 477
443 473
488 500
488 490
488 498
488 506
488 504
151 152
151 289
228 229
228 394
228 392
256 257
256 258
86 87
162 164
159 161
159 427
388 391
34 35
175 177
175 180
122 127
215 225
215 256
215 236
153 155
268 269
268 434
341 343
36 45
198 199
349 351
84 85
84 92
338 339
254 255
254 260
240 242
441 442
441 455
438 439
449 450
90 93
342 343
264 266
43 45
293 295
293 294
442 445
442 488
442 494
107 114
107 112
107 110
434 435
434 438
180 181
486 487
88 89
121 122
163 164
258 261
258 421
258 418
334 334
226 229
194 195
129 130
129 315
386 387
386 399
277 286
117 118
117 317
117 399
117 146
117 308
117 472
117 137
117 306
169 170
152 153
266 267
266 423
266 424
123 127
123 138
161 167
161 169
384 384
49 50
49 121
196 332
196 252
196 442
196 516
196 325
196 455
38 39
38 40
490 491
291 292
41 44
41 42
336 344
336 341
299 300
224 225
224 256
224 236
390 391
484 487
130 132
436 437
307 311
522 523
407 408
142 275
142 443
142 362
142 367
142 285
142 145
233 256
233 234
233 236
394 394
329 346
329 335
329 330
329 354
186 188
51 52
480 481
480 484
480 521
480 516
281 332
281 482
281 449
281 291
281 283
281 469
281 519
281 365
281 508
363 368
321 325
134 136
59 60
59 70
62 63
289 296
380 381
380 383
429 449
429 430
494 496
494 495
220 222
463 464
421 422
22 24
361 363
361 368
323 400
323 389
323 329
323 395
323 325
317 400
317 381
317 383
317 356
317 354
317 318
53 54
283 284
352 353
369 371
369 373
260 261
260 421
260 418
461 462
423 435
423 438
423 425
469 471
452 454
75 79
417 421
417 418
330 334
190 192
496 497
136 346
136 378
136 395
136 376
136 472
136 316
136 137
98 116
98 99
231 233
430 431
430 448
430 440
184 193
184 194
184 190
396 397
239 278
239 280
239 240
239 246
248 410
248 249
7 9
143 144
232 233
232 396
517 518
523 523
362 388
362 363
359 360
359 413
244 245
21 22
21 496
188 189
63 72
351 353
29 31
29 32
29 135
94 118
459 459
462 464
250 251
250 359
451 452
80 81
80 124
80 84
69 72
52 54
282 291
282 283
282 413
353 353
17 19
17 503
475 476
61 62
61 71
23 24
322 323
375 378
375 376
453 454
507 509
422 423
422 424
498 499
30 31
30 32
521 523
149 153
138 140
138 144
96 97
246 248
246 250
398 398
141 287
141 145
509 509
378 379
501 502
76 77
478 479
11 22
11 12
67 69
67 68
19 20
135 136
402 407
402 404
395 397
147 172
147 332
147 386
147 358
147 290
513 513
3 4
302 303
302 304
495 497
511 511
519 523
9 24
9 14
74 83
74 75
1 2
503 504
412 414
457 463
457 458
457 466
185 186
27 31
27 32
357 357
13 14
312 323
312 319
376 377
467 468
419 420
78 125
78 84
78 79
210 211
210 221
411 412
170 171
170 494
170 359
170 458
170 324
170 416
319 321
319 328
367 368
476 476
311 311
237 238
512 513
95 98
245 278
245 246
403 407
403 404
2 74
2 78
2 77
2 4
303 305
200 279
200 242
401 402
401 403
474 474
409 410
301 303
301 304
309 311
374 374
413 414
502 505
427 428
12 13
12 16
57 58
313 316
287 337
287 335
287 292
287 443
287 289
287 393
287 392
287 371
287 373
327 346
327 335
327 330
327 354
364 400
364 390
364 395
364 393
364 366
242 248
242 250
133 322
133 147
92 129
92 131
92 93
515 518
393 394
464 464
5 6
493 494
493 521
493 516
120 122
458 459
426 428
189 193
189 194
189 190
326 327
234 239
234 241
358 360
358 370
358 367
181 256
181 254
181 182
28 29
286 286
56 58
505 505
466 468
466 471
377 379
160 161
160 427
160 234
68 69
183 184
477 479
15 24
15 16
366 370
366 367
391 391
148 161
148 426
148 428
139 140
139 144
54 119
54 123
54 139
54 55
284 301
284 308
284 285
399 407
399 404
324 329
324 325
131 132
131 314
236 255
236 260
236 238
290 292
491 497
40 48
40 41
424 435
424 438
424 425
499 499
93 489
93 390
93 142
93 330
93 94
93 313
392 394
64 69
64 68
64 66
405 408
132 133
243 278
243 280
243 246
492 495
305 305
150 276
150 152
428 434
428 429
456 510
456 480
456 475
456 457
456 512
456 477
456 473
356 357
328 400
328 389
328 329
328 395
58 94
58 313
288 289
288 463
288 461
288 396
288 362
288 412
288 364
288 399
288 356
144 287
144 145
26 134
26 30
26 27
415 442
415 452
77 79
468 468
315 316
66 72
368 368
182 184
440 441
241 242
241 243
24 25
99 113
146 147
146 312
238 239
238 241
354 357
249 251
249 359
91 92
340 344
340 341
454 463
454 458
454 466
514 515
318 452
318 457
318 319
365 431
365 448
365 385
365 366
365 440
16 20
506 507
506 509
418 422
71 72
465 468
4 6
79 82
79 124
247 248
247 250
97 98
235 238
6 134
6 30
6 27
504 505
308 310
308 309
14 20
516 518
408 408
325 327
472 510
472 480
472 475
472 512
472 477
472 473
285 286
55 57
55 56
425 449
425 430
73 105
73 83
73 103
73 75
73 95
372 374
316 319
65 68
65 66
479 479
404 405
18 19
18 508
471 471
270 273
270 272
304 305
379 379
110 116
110 111
416 425
508 509
371 372
497 497
397 398
145 147
145 312
137 445
137 488
137 494
137 322
137 147
8 9
306 307
414 456
414 415
314 315
100 102
406 407
518 518
473 474
355 357
355 356
187 188
25 44
25 47
25 42
25 26
72 78
72 77
72 73
455 456
373 374
