654732
654494
654898
654749
654408
654633
654424
654528
654412
654799
654613
654363
654471
654252
654442
654493
654423
654719
654720
654829
654361
654801
654847
654549
654822
654741
654335
654368
654462
654845
654213
654215
654375
654281
654548
654475
654195
654411
654284
654293
654401
654632
654840
654828
654400
654194
654283
654656
654679
654658
654474
654382
654604
654490
654680
654464
654763
654839
654296
654584
654208
654605
655171
655125
655027
655425
655575
655497
655577
654986
655242
655167
655586
655169
655226
655176
655297
655155
655483
655154
655413
654936
655496
654987
655334
655412
655315
655076
655587
654976
655222
655391
654941
655370
654934
654967
655179
655165
655119
655071
655481
655035
655181
656271
655723
655999
655778
656191
656297
656028
655739
656315
655989
655929
655644
656077
656056
656239
655982
656307
655784
655647
655937
656027
655915
655719
656047
655674
656054
656025
656316
655837
655726
656308
655612
655893
655634
656015
656013
656289
655987
656051
656099
656091
655782
656281
656119
656030
655923
656292
655993
655943
655792
655761
655928
655853
655636
656291
655765
656120
655695
655998
655941
655694
655843
655892
655870
656482
656566
656753
656521
656362
656477
656489
656679
656492
656581
656438
656429
656683
656893
656401
656564
656911
656792
656444
656934
656572
656955
656782
656696
656491
656434
656400
656692
656964
656708
656995
656837
656619
656835
656484
656781
656985
656360
656983
657070
657057
656487
656629
656569
656873
656704
656459
656657
656562
656690
656996
656574
656558
656797
656466
657672
657746
657296
657514
657227
657321
657287
657193
657768
657545
657213
657380
657465
657383
657328
657408
657245
657225
657472
657407
657575
657762
657598
657684
657278
657449
657581
657302
657269
657236
657541
657446
657325
657385
657294
657215
657592
657580
657197
657707
657291
657717
657223
657220
657515
657243
657120
657219
657327
657235
657392
657716
657301
657207
657966
658095
658141
657824
657851
658315
657790
657818
657819
657834
658474
658027
658357
658473
657798
658417
657985
658295
657862
658456
658187
657863
658538
657801
658422
657991
657823
658272
657799
658293
658335
657872
657791
658134
658532
658443
657808
658002
657795
658062
658147
657988
658211
658279
658445
657957
658010
657874
658336
658287
658241
657858
657812
658413
658110
658183
658006
658430
658051
658809
659109
658985
659300
658660
659160
658669
658671
658659
658998
659173
658781
658747
658804
659016
658775
658736
659017
658895
659021
658986
659314
659174
658654
659133
658797
659168
658947
659305
659272
658946
659072
659315
658625
659001
658894
659120
658626
658741
659176
658823
658613
658656
658885
658807
659157
659306
659249
659177
658997
659558
659701
659618
659761
660032
660056
659489
659965
659743
659630
659760
659967
659892
659945
659716
659862
659601
659491
660054
659703
659585
659811
659704
659584
659381
659742
659626
659353
659679
659354
659953
659712
659749
659895
659620
659457
659450
659987
659648
659492
659814
659449
659694
659624
659563
659787
659456
659612
659376
659988
659939
660282
660296
660356
660473
660358
660534
660666
660417
660644
660533
660347
660550
660823
660664
660559
660570
660581
660504
660735
660353
660389
660355
660551
660830
660267
660583
660181
660215
660574
660565
660511
660214
660831
660777
660421
660299
660514
660743
660541
660566
660387
660576
660540
660586
660245
660747
661294
661197
661247
661532
661005
661288
661296
661468
661524
661310
661471
660903
661268
661488
661081
661536
660967
661600
661301
660847
660976
661271
661566
661186
661324
661440
660917
661152
661158
661574
661242
661030
661232
661470
661202
661057
661014
661089
661193
660977
661040
661159
661298
661101
661176
661419
661328
660955
661601
661092
661196
661080
661283
661277
660998
661204
660863
660963
661569
661020
661431
660979
660845
662196
661830
661789
661896
661921
661787
662156
661800
662014
661848
661655
661691
661849
662289
662194
661646
661658
661724
661701
661734
662152
662297
661877
662331
661930
662285
661797
661690
662329
661735
661912
662129
662125
661665
661781
661686
661988
662286
662002
661983
662012
661718
661663
661823
662050
661971
661649
661656
661722
662045
661985
661736
662449
662447
662404
662409
662628
662423
662845
662807
662510
662556
662584
662503
662452
663084
662426
662460
662632
662835
662850
662798
662625
662648
662530
662852
662647
663030
662633
662659
662610
662502
662815
662923
662558
662445
662476
662605
662969
662574
662968
662679
662677
663031
662489
662444
663721
663422
663308
663482
663128
663717
663741
663791
663732
663339
663347
663115
663423
663620
663799
663610
663102
663706
663130
663353
663670
663352
663323
663092
663565
663750
663313
663792
663722
663738
663782
663664
663480
663371
663746
663545
663479
663671
663666
663604
663127
663605
663449
663101
663797
663745
663218
664088
664341
663982
664361
664250
664165
663867
663868
663984
663932
663930
664235
664042
664040
664223
664137
664329
664092
664277
664091
664171
664140
664227
664503
664184
664099
664256
663819
664051
664112
664110
664131
664216
664089
664115
664511
664330
664273
663818
664438
663888
663872
665238
665210
664868
665106
664798
664769
664777
665255
665257
664535
664596
664680
665208
664532
665011
665146
665112
664966
665159
665114
664536
664813
664594
664782
664719
664776
665009
665201
664679
664739
665079
664733
665129
664722
664630
665154
665152
664866
664765
664736
665236
665214
664897
664975
664864
665032
664540
664894
664717
664763
665206
664762
665215
665198
665097
665217
665157
665628
665565
665715
665260
665501
665445
665502
665647
665629
665974
665550
665585
665471
665279
665741
665892
665965
665438
665832
665605
665355
665447
665616
665469
665555
665385
665431
665720
665959
665791
665749
665553
665793
665440
665979
665305
665623
665450
665621
665967
665405
665349
665970
665327
665276
665297
665460
665545
665960
665591
665826
665758
665607
666119
666536
666006
666469
666003
665982
666168
666246
666366
666532
666565
666567
666272
666512
666259
666299
666031
666007
666342
666657
666170
666419
666708
666310
666022
666365
666409
666166
666487
666522
666677
666538
666257
666472
666035
666284
666001
666497
666531
666253
666014
666520
666341
666010
666633
666683
666378
666539
666684
666021
666659
666706
666371
666144
666142
666868
666856
666950
666768
667091
667273
666808
666989
666725
666854
666778
666849
666988
667383
666721
666961
667313
666975
666917
667089
667293
667314
666752
667244
666777
666847
666751
666974
667135
666867
666780
667078
667171
667406
667404
667366
666916
666830
666936
666934
667079
666717
666933
667016
667402
667215
666888
667290
667365
666796
667279
666771
667225
667034
667036
666932
666905
667363
666838
667591
667483
667697
667728
667775
668119
667469
668022
667807
667608
667857
667836
667826
667694
667774
667790
667947
667556
667500
667824
667806
667959
668017
668054
668052
667840
667559
667723
667961
667701
667726
667625
667700
667607
667635
667925
667844
668077
667843
667846
667475
667839
668154
668045
667724
667926
667636
667893
667626
668102
668040
668062
667785
667497
667504
668746
668405
668523
668228
668576
668817
668630
668819
668566
668533
668294
668298
668797
668496
668391
668763
668479
668709
668776
668594
668230
668629
668332
668349
668696
668564
668690
668716
668314
668553
668589
668333
668484
668296
668521
668762
668571
668883
668552
668485
668263
668209
668751
668291
668727
668312
668384
668560
668406
668761
668750
668580
669125
669073
669094
669323
669349
669084
669505
669558
669554
668969
668895
669414
668944
669307
669353
669189
669127
669456
668966
669160
669081
669324
668939
669072
668923
669083
669175
669100
669461
669413
669103
669080
669212
668932
669345
668989
668991
669483
669075
669237
669355
669439
669546
669172
669258
668893
669481
669559
669150
669503
669060
669283
669545
669095
669442
669124
669577
669274
669512
669359
669313
669154
668892
669530
669239
669062
670015
669651
669824
670128
670038
670272
669902
670176
669958
669817
670073
669924
670146
670007
670219
669765
670220
669903
670271
669615
670206
669633
670208
670127
669759
670178
669820
669957
670231
669762
670086
669870
670143
669990
669661
669663
670232
669949
670169
670608
670569
670960
670705
670304
670875
670402
670937
670728
670554
670329
670695
670428
670491
670644
670599
670855
670488
670981
670653
670716
670936
670557
670379
670436
670654
670979
670759
670317
670750
670928
671007
670401
670858
670955
670311
670487
670374
670616
670567
670898
670783
670867
671034
670743
670726
671032
670423
670454
670860
670636
670757
671013
670431
670926
670701
670866
670442
670900
670698
670859
670422
670322
671087
671281
671250
671187
671144
671333
671302
671529
671209
671288
671407
671154
671152
671143
671071
671420
671337
671589
671167
671359
671083
671208
671381
671369
671215
671184
671444
671138
671311
671432
671158
671111
671343
671675
671282
671278
671344
671330
671586
671137
671472
671286
671095
671252
671300
671070
671382
671266
671314
671365
671104
671468
671310
671670
671628
671383
671685
671982
672391
671891
672125
672120
671785
672339
672389
672057
672230
671866
671909
671879
672235
672401
672340
672224
672377
671732
672396
672398
672119
671814
672011
671880
672388
671864
671877
671983
672223
671810
671829
672021
672308
671797
671743
671831
671904
672404
672034
671744
672418
672310
672416
672326
671815
671955
672016
672251
672267
671789
672036
671726
672813
673110
672485
672766
673053
672927
672901
672947
673103
673079
672800
672974
672572
672782
672822
672638
672885
672490
673107
673080
672882
672743
672973
672771
672581
673069
672897
673048
673005
673007
672569
673121
673062
673122
673093
672596
673008
672483
672891
672953
672642
672425
672898
672805
672884
673092
673096
672497
672979
672731
672956
673388
673551
673256
673747
673750
673697
673728
673779
673215
673774
673698
673690
673308
673375
673497
673765
673560
673862
673751
673399
673486
673420
673593
673645
673389
673325
673224
673218
673861
673329
673851
673269
673376
673587
673641
673627
673381
673170
673647
673379
673214
673826
673221
673168
673346
673254
673694
673219
674400
674622
674577
674122
673971
674481
674434
674097
674621
674189
674217
673872
674432
674401
674369
674356
674559
674483
674123
673983
674349
674368
674526
674187
674163
674204
674554
674436
673979
674288
674227
674353
674298
673965
674065
674194
674073
674145
674575
674297
674287
674438
674199
674555
674384
674142
674030
674259
674032
673878
674070
673977
674305
674137
674524
674074
674257
674245
674031
674740
675223
674923
675168
675161
675253
674945
674778
675087
674770
675205
674678
674734
674936
674892
675086
674688
675252
675072
674898
675317
674685
675216
675309
674832
674692
674925
674776
674895
674844
674917
675121
674635
674918
675310
675217
674709
674839
675149
675203
674736
674934
674830
674900
674775
674691
674958
675319
674926
674768
675150
675380
675997
675531
675444
675629
675779
675901
675767
675966
675553
675692
675980
675481
675622
675606
675875
675551
675934
675841
675727
675367
675603
675529
675467
675532
675878
675364
675570
675822
675964
675328
675780
675410
675326
675936
675814
675449
675526
675976
675690
675386
675624
675978
676028
675371
675681
675370
675356
675548
675476
675815
675458
675813
675546
675755
675473
675535
675487
675330
675950
676027
675985
675902
675729
675354
675804
675477
675485
675591
675823
675357
675544
676240
676098
676529
676641
676591
676104
676579
676623
676141
676054
676090
676128
676576
676560
676196
676220
676167
676236
676085
676547
676535
676237
676062
676229
676498
676226
676358
676095
676632
676364
676195
676578
676313
676297
676390
676543
676657
676709
676562
676785
676055
676136
676073
676206
676625
676312
676400
676114
676590
676568
676640
676076
676782
676317
676617
676396
676616
676140
676619
676387
676077
676803
676949
677147
677463
677370
676835
677251
676889
677354
677382
677406
676963
677460
676802
677499
677176
677556
677374
677498
676905
677154
676833
676907
677212
677131
677001
677202
677144
677142
677237
677555
677138
677405
677357
677177
677153
677171
677468
677209
677332
676997
676987
677222
677461
677321
676887
677238
676856
676975
676953
677454
676986
676800
678004
677731
677572
677985
677944
678277
678056
677787
678120
677732
678122
677628
677955
677960
677888
678057
678249
677974
677786
677890
677689
678216
678140
678058
677887
677609
677826
678273
677847
677939
678020
677816
678133
678096
678132
677620
677817
677611
677624
677933
678272
677667
677690
678127
677752
677863
678680
678457
678839
678455
678545
678453
678309
678442
678877
678515
678922
678875
678410
678636
678520
678645
678960
678616
678676
678374
678288
678372
678566
678699
678460
678782
678569
678779
678521
678790
678541
678745
678488
678411
678841
678653
678438
678746
678510
678551
678933
678671
678346
678564
678916
678362
678462
678785
678935
678319
678614
678509
678962
678557
679319
678991
679355
679678
679595
679169
678995
679306
679041
679609
679583
679058
679594
679416
679289
679011
679167
679144
679547
679305
679690
679680
679506
679630
679314
679461
679417
679684
679104
679328
679513
679281
679388
679580
679544
679676
679275
678987
679350
679087
679140
679312
679022
679010
679257
678988
679284
679508
679685
679514
679601
679156
679163
679001
679274
679610
679021
679154
679135
680169
680013
680237
680238
680467
679979
679877
680298
679835
680213
680289
679944
680043
680132
679865
679881
680154
679940
680111
680052
680102
680349
680077
679787
680168
679875
680031
679788
679715
680122
679866
679946
680026
680290
679798
680065
680123
680302
680252
680115
680283
680047
680055
680239
679768
679724
680454
680082
680103
680080
680655
680524
680639
680979
680661
680897
681179
680820
680926
680844
680980
681180
680989
681142
680680
680656
680904
681220
680683
681131
680932
680660
680875
680767
680722
680991
680719
680744
680633
680789
680879
681197
680644
680733
680882
680567
681060
680481
681194
680677
680574
680899
680785
680546
680965
680675
680813
680712
680480
681029
680578
680761
680996
681030
680600
681063
680645
680847
681320
681438
681448
681307
681244
681272
681466
681380
681599
681467
681288
681436
681352
681264
681419
681857
681316
681522
681797
681705
681357
681355
681859
681598
681666
681489
681432
681245
681836
681345
681323
681868
681817
681669
681362
681816
681665
681382
681519
681601
681346
681751
681602
681794
681328
681367
681553
681518
681374
681552
681704
681663
682636
681927
682560
682580
681912
681915
682077
681872
682154
682170
682623
682635
681993
682557
681991
682117
682485
682156
681942
681969
681895
682274
682206
682346
681873
681892
682481
682028
682016
682005
682582
681888
681988
681910
682334
682641
682200
682563
682246
681932
681961
682549
682207
682129
682445
681899
682326
681889
681877
682301
682540
682487
681918
682120
682004
681880
682182
682644
682076
682172
681870
682467
682279
682183
682127
681897
682333
682553
682331
682956
682822
682789
682836
682808
683034
682981
682884
682837
683225
682764
683242
682698
682957
682925
682774
683078
683093
682965
682669
682806
683004
682888
683054
682673
683316
683240
682773
682940
683221
683341
682972
682921
682870
683332
682989
683343
682832
683144
682779
682853
683077
683297
683079
682893
682831
682936
682765
682812
683057
682733
683763
683614
683612
683545
683596
684024
683828
683709
683712
683567
683626
684021
683895
683610
683926
683547
684095
683675
683940
683392
683627
683909
683351
684100
683606
683570
683476
683775
684041
683830
683829
683708
683381
683616
683532
683850
683923
683871
684030
683384
684018
683777
683874
683706
683590
684042
683533
683650
683622
683924
683375
684781
684463
684556
684808
684443
684286
684187
684181
684523
684346
684736
684809
684190
684376
684587
684744
684155
684581
684446
684662
684471
684494
684735
684586
684766
684129
684580
684636
684191
684460
684725
684344
684622
684279
684669
684530
684215
684637
684593
684352
684130
684745
684780
684218
684264
684670
684466
685120
685452
684818
684884
685265
685119
684928
685299
684849
684951
685417
685339
685002
685087
684950
685172
684889
685294
685224
685346
685083
685203
685102
685037
685047
684886
685455
685136
685066
685054
685257
685256
685006
685230
685147
685103
685169
686090
685762
686126
685640
685759
686022
685760
685881
686105
686068
685526
685975
685799
685557
686003
685785
686164
685493
685664
685667
686093
685940
685555
686184
685527
685543
686157
686156
685724
685806
685537
685902
685673
685973
685778
685768
685997
685648
685663
685496
685618
685651
685486
685669
685672
685646
685738
685894
685619
685793
686835
686806
686840
686475
686231
686724
686206
686887
686232
686553
686473
686214
686771
686744
686335
686773
686320
686213
686812
686616
686443
686455
686909
686743
686481
686723
686635
686482
686526
686430
686510
686348
686801
686485
686748
686330
686520
686434
686222
686607
686823
686488
686353
686822
686462
686281
686429
686449
686241
686198
686913
686807
686435
686512
686346
686324
686732
686565
686464
686886
686622
687487
687242
687146
687170
687584
686940
687040
687101
687353
686974
687027
687102
687177
687124
687601
687243
687222
687163
687576
687494
687105
687157
687489
687164
687158
687553
687598
687015
687478
687604
687529
686939
687575
687125
687053
687013
687425
687545
687041
687532
687428
687595
687160
687543
687522
686978
687579
686989
687274
687380
687120
687378
687024
687610
687110
687580
687454
687333
687776
688260
687697
688266
688200
688116
687901
688326
688059
687622
687789
688392
687918
688114
687731
688323
687777
687621
687926
687910
688078
688364
688224
688062
688374
688036
687929
688145
688281
688286
687921
688146
687702
688084
688395
688194
687788
688382
687876
688058
688228
688361
689050
688406
688460
688461
688459
689031
689076
688974
688766
688525
688861
689032
688721
688719
688826
688972
688939
689075
688699
688546
688408
688785
688767
688897
688979
688548
688541
688539
688810
689048
688842
688813
688544
688794
688571
688523
688977
688567
688812
688645
688403
689325
689384
689117
689297
689613
689765
689700
689210
689859
689703
689693
689624
689275
689327
689652
689473
689852
689795
689218
689586
689584
689295
689286
689691
689123
689409
689285
689785
689531
689863
689519
689382
689216
689663
689588
689614
689867
689499
689812
689602
689704
689141
689835
689227
689437
689782
689332
689224
689220
689853
689865
689610
689300
689474
689271
689653
689837
689273
689555
689173
689664
689209
689331
690428
690515
690284
690164
690427
689997
690571
689987
689916
690192
690474
689959
690081
690257
690322
690080
689974
690199
689911
690487
690543
690150
690152
690005
690279
690111
690034
690085
689956
690320
690269
690159
689927
690342
690387
690033
690231
690568
690271
690553
690244
690162
689979
689955
690020
689966
691279
691110
690650
690642
690675
690909
690854
691290
691204
691012
690686
690892
690649
690626
690920
691247
691223
690722
690869
690723
691257
691249
690874
690911
691206
690715
690607
690717
691010
690894
691197
690615
690812
691346
690948
691233
691236
691343
691111
690941
691019
691224
690949
690875
690814
690850
691237
690710
691150
690804
690989
691899
691427
691463
691373
691354
691581
691964
691860
691353
691849
692084
691615
691957
691812
692019
691753
691790
691859
691442
691366
691502
691836
691710
691843
691845
691641
691582
691597
691534
691928
691751
691640
691804
691673
691537
691711
691531
691623
691596
691676
691564
691480
691547
692003
691864
692005
691829
691846
691927
691749
691481
692075
691863
691658
691499
691656
691438
691545
692419
692685
692504
692687
692484
692781
692442
692228
692444
692578
692265
692503
692354
692683
692487
692750
692113
692497
692766
692644
692692
692391
692737
692684
692230
692130
692587
692371
692574
692390
692752
692169
692142
692743
692312
692568
692700
692744
692720
692243
692170
692782
692270
692689
692753
692722
692152
692557
692404
692332
692351
692257
692577
692406
692584
692247
692542
692437
693018
693257
693082
693409
692846
693380
693446
693247
693164
692919
693366
692984
693338
693350
693304
693411
693256
693202
693129
692976
692843
693098
693152
693424
693168
693339
693020
693032
692904
693394
693249
693371
693250
693178
693261
692816
693184
693348
693012
693302
694154
693686
693656
694164
693917
693480
693526
693804
694036
693938
693672
693554
693539
694166
693677
694110
693509
693481
693517
693939
693947
693805
694191
693766
693531
693543
694018
693488
694037
693631
693879
694109
693919
693790
693635
694031
694027
693823
694178
694085
693900
693650
693651
694158
693681
693936
693872
694171
694098
693827
693723
694086
693473
694120
693670
693781
693902
693797
693722
693476
693768
694644
694303
694622
694313
694820
694685
694750
694625
694278
694645
694193
694688
694659
694762
694272
694620
694560
694345
694687
694395
694613
694279
694271
694384
694461
694792
694726
694520
694724
694559
694401
694304
694252
694852
694748
694266
694308
694892
694267
694234
694819
694631
694459
694775
694700
694661
694511
694235
694309
695351
695026
695376
695255
695193
695361
694958
695117
695107
695578
694977
695356
695591
695438
695335
694989
695580
695484
695184
694984
695115
695592
695248
694936
695038
694983
694955
694971
695017
695272
695435
694941
694968
695487
695371
695202
694994
694934
695426
694954
695016
695148
696003
695784
695598
695907
695806
696236
695722
696152
696175
696212
696159
696235
695967
695618
696181
696002
695711
695851
696117
695723
695906
695739
696174
695713
696018
695867
695654
695679
695857
695724
696134
696253
695661
696138
696050
696164
695898
695984
695887
696252
695659
695730
696166
695868
695812
695606
695732
695809
696783
696507
696661
696277
696424
696659
696636
696743
696488
696986
696988
696323
696621
696848
696423
696548
696276
696634
696647
696551
696931
696279
696491
696536
696369
696849
696583
696281
696532
696573
696261
696639
696540
696648
696315
696472
696586
696959
696623
696321
696687
696932
696829
696903
696576
696684
696365
696771
696479
696979
696500
696262
696978
696274
696757
696947
696994
696794
696709
696948
696287
696993
696585
696501
696740
696283
696906
696571
696273
697699
697585
697556
697568
697519
697335
697272
697427
697424
697628
697099
697139
697670
697356
697017
697557
697530
697537
697443
697604
697024
697555
697605
697023
697721
697432
697319
697233
697681
697582
697195
697561
697248
697240
697102
697576
697430
697323
697019
697463
697464
697668
697449
697096
697179
697952
698335
698007
697988
697954
698183
698422
697984
697792
697896
698336
697869
697781
697950
698114
697940
698109
697783
698008
698181
698031
697866
697897
698125
697773
697930
698209
697804
698216
697939
697949
697997
698098
698357
698151
698371
698163
698377
697927
697789
697805
697889
698376
698352
698370
697774
697888
698573
698438
698854
698857
699149
699014
698562
698853
698855
699075
698963
698694
699035
699078
698434
698445
698443
698875
698433
698780
699160
699027
698941
699034
699172
698590
698447
698630
699110
698947
698524
698976
698587
698572
699144
698896
698917
698691
699060
698868
698625
698565
698626
698778
699148
698977
698615
698568
698528
698613
698925
698894
699022
699173
699029
699109
699582
699505
699202
699607
699192
699381
699195
699604
699295
699464
699857
699405
699608
699845
699863
699342
699587
699375
699613
699495
699297
699786
699321
699319
699930
699855
699343
699844
699461
699605
699848
700448
700148
700404
699991
700068
700315
700128
699981
700628
699998
700141
700214
700231
700589
700577
699999
700313
700345
700546
700130
700407
700100
700590
700053
700554
700251
700132
700153
699971
700273
700049
700134
700560
700143
700499
700022
700211
699962
699982
700237
699985
700548
700155
700422
700498
699965
700396
699987
700095
700233
700585
700394
700270
701047
700884
701251
701000
700711
700968
700966
700792
700982
701152
700680
701014
700944
700953
701094
701238
701354
701164
700794
701247
701237
701153
701246
700704
701095
701240
700679
701321
700690
700980
701204
701179
701288
700754
700688
701287
700837
701356
701148
701009
700939
700797
701043
700885
700645
700712
700755
701165
701006
700717
700705
700839
700958
700799
701387
701477
701581
701917
702081
702013
701551
701405
701824
701656
701450
701861
702009
702061
701684
702054
701697
701475
701562
701679
701853
701552
701849
702082
701857
701941
702015
701374
701508
701484
701693
701384
701607
701555
701432
702008
701796
701628
701446
701434
701585
702086
701855
701795
701427
701920
701891
701426
701675
701433
701566
702004
702729
702545
702254
702707
702267
702594
702669
702628
702168
702555
702121
702434
702129
702238
702166
702631
702554
702520
702706
702143
702234
702452
702279
702131
702730
702645
702383
702231
702156
702789
702408
702547
702286
702193
702177
702246
702092
702409
702324
702162
702668
702133
702204
702233
702644
702381
702471
702188
702406
702094
702169
702264
702735
702453
702942
702905
702887
703035
703191
703436
703201
702971
703468
702867
703083
702822
703007
702821
703034
703236
703008
703195
703091
703078
702970
703479
703203
703461
703537
703072
703477
703543
703386
703510
702918
703512
703074
703451
703462
703187
702885
703253
702985
702890
703315
702909
702833
703207
703541
703102
702947
703013
703389
702995
702826
703198
702881
703536
704243
703823
703629
703753
703975
704203
703788
703965
703906
704241
704088
704031
704147
703695
703945
703601
703792
703628
704156
704041
704058
703921
704249
704001
703819
703935
703907
703738
703954
703733
703739
703820
704272
703791
704238
703936
704032
704231
704166
704059
704168
703903
703787
704158
704160
703559
703645
703720
703883
704215
703746
703646
703800
704150
704100
704234
703830
704046
703636
703824
703721
703635
705032
704951
704735
704341
704530
704559
704791
705025
704333
704965
704491
704561
704660
704627
704921
704861
704904
704981
704903
704956
704611
704950
704523
704940
704490
704562
704900
704975
704759
704605
704936
704953
704427
704312
704923
704702
704309
704736
704924
704613
704549
704878
704622
704547
704899
705004
704521
704538
704760
705623
705466
705198
705323
705420
705155
705071
705065
705091
705551
705057
705597
705471
705710
705054
705728
705052
705570
705199
705187
705336
705063
705620
705210
705302
705056
705672
705497
705461
705092
705518
705134
705621
705088
705203
705309
705188
705673
705234
705495
705257
705135
705690
705470
705460
705089
705492
705122
705265
705571
705048
705331
705496
705123
705329
705601
705689
705661
706301
705984
706258
706085
706132
706056
706131
706042
705968
706350
706000
705873
705763
705938
705939
706425
706392
705916
706067
706043
706207
705755
706391
706334
706140
706187
706181
706426
706202
705999
706095
705991
705756
705814
706401
705914
706226
706329
705811
706380
705804
706020
705810
705971
707006
706612
706524
706512
706798
706859
706462
706745
706956
707019
706566
706581
707143
706768
706908
707172
706799
706987
706457
706511
706924
707135
706561
706609
706539
706458
706464
706760
707069
706766
707034
707067
706918
706567
706529
706843
706941
706583
706919
706489
706742
706773
706929
706532
707063
706536
707033
707056
706640
706928
706915
707457
707266
707235
707360
707275
707539
707636
707496
707498
707310
707487
707674
707725
707479
707456
707246
707569
707724
707831
707611
707359
707601
707202
707528
707799
707278
707363
707574
707545
707537
707681
707543
707206
707416
707249
707640
707533
707490
707225
707731
707219
707597
707452
707515
707410
707530
707862
707743
707729
707612
707415
707596
707203
708236
708009
708360
708163
708485
708454
708337
708471
708493
708204
708472
708610
708206
707908
708625
707939
708177
708496
708067
708341
708636
708453
707896
708222
708380
708004
707947
708612
707904
708536
708540
708361
708160
707940
708630
708146
708627
708374
708040
708183
708144
707955
708490
707934
707933
708352
708614
707902
708641
708336
708503
708489
707905
708082
708157
708010
708373
708211
708176
707999
707989
708021
708562
708438
708609
708003
708056
708001
708109
708353
707932
709129
708873
709016
709270
709012
709051
709159
709052
708954
708770
708900
709262
708671
708761
709189
708675
708704
708674
709003
708662
708866
708984
708864
709166
709261
708872
708656
708927
709024
709235
708714
708716
708904
709171
708746
708953
708871
708703
709027
708928
709130
709055
708669
708659
709056
709082
709224
708924
709004
709482
709395
709741
709333
709688
709521
709731
709806
709762
709345
709750
709535
709946
709299
709296
709275
709461
709826
709801
709350
709501
709621
709417
709280
709687
709794
709463
709742
709828
709653
709481
709798
709428
709891
709632
709294
709430
709284
709515
709709
709511
709834
709613
709654
709291
709356
709796
709775
709475
709326
709619
709547
709691
709543
709479
709542
709360
709325
709497
709358
709293
709833
709708
710114
710560
710187
710224
710273
710238
710032
710289
710674
710031
710288
710495
709957
710239
710027
710492
710144
710652
710673
710152
710602
710015
710145
710601
710153
710651
710090
710248
710264
710583
710682
710119
710490
710053
710298
709963
709961
710250
710374
710316
710588
710591
710684
710244
710064
710418
710355
710054
710580
710353
710408
710372
710592
710566
710091
710940
710794
711091
711018
710837
710797
710711
711386
710915
711407
711301
710864
711269
711366
710779
711131
710709
710947
710756
711073
711041
711309
711074
711338
711142
711299
710939
710808
710739
710951
711105
710839
710778
710891
711306
710826
710996
711376
711308
711279
710741
710770
711410
710723
710804
711389
710930
711050
711022
710771
711083
711038
711374
711281
711542
712024
711911
711757
711459
711565
711559
712130
712044
711648
712045
711892
711754
711729
711843
711564
711842
711832
712002
711555
711963
711850
711647
711732
711585
711962
711849
711695
711820
711913
712029
711461
711456
712050
711694
711600
711599
712001
711452
711568
712049
712132
712627
712657
712678
712326
712738
712748
712398
712729
712620
712401
712293
712605
712653
712379
712607
712414
712832
712413
712517
712680
712796
712274
712292
712750
712478
712551
712652
712799
712763
712392
712674
712756
712727
712313
712813
712495
712746
712754
712217
712247
712492
712450
712283
712552
712735
712621
712737
713024
713076
713141
713459
713446
713183
713505
713509
713317
713035
712873
712859
713025
713518
712886
712870
713032
713500
713619
712923
713491
713458
713042
713155
712934
713126
713501
712902
713470
713031
713305
713037
713071
712908
712937
713394
713498
713423
713306
713526
713604
712950
712860
713617
713510
712911
713038
713476
713496
713575
712863
713225
713603
713192
713204
712945
713759
714207
713659
713796
713798
713810
714312
714091
713682
714093
713876
714298
714090
714129
713646
713878
714265
713789
714259
714035
714017
713855
713661
714048
713780
713680
714224
714003
713795
714018
713929
714337
713685
714104
714284
714092
714209
713774
713651
714032
714317
714301
714285
713778
714051
713848
714222
713867
714239
714002
714198
714182
714316
714232
714328
715003
714879
714863
714450
714960
714835
714543
714392
714797
715002
714645
714567
714608
714931
714772
714958
714929
714820
714713
714802
715022
714759
715018
714590
714398
714622
714637
714978
714752
714743
714421
714985
714767
714641
714452
714860
714782
714593
714569
714893
714485
714801
715199
715050
715496
715774
715276
715630
715082
715498
715210
715600
715081
715053
715697
715127
715043
715575
715747
715660
715699
715464
715778
715198
715244
715746
715117
715813
715211
715126
715272
715712
715602
715777
715666
715271
715577
715173
715320
715234
715142
715034
715145
715768
715773
715635
715628
715179
715120
715692
715713
715058
715478
715624
715108
715636
715054
715598
715586
715629
715425
715178
715047
715123
715428
715243
715454
715597
715174
715417
715233
715815
715109
715603
715760
716427
715839
716555
716365
716301
716272
716509
716552
716562
716114
716560
716143
715970
716017
716077
716083
716018
716229
716266
716137
716554
716561
716239
716061
716434
716245
716276
716235
716511
715877
716571
716507
716570
716263
716558
716047
716422
716420
716049
716297
716230
716066
716815
716669
717121
717148
716792
716799
716914
716728
717186
716852
716661
716628
716630
716706
716768
716881
717082
716816
716899
716819
716889
716791
716731
717055
716604
716594
716882
716853
717134
717114
716890
716677
716674
716794
716653
717048
716766
716607
716813
716860
717084
717113
716644
717125
717183
716833
717170
716810
716830
717180
717142
717306
716750
717132
716715
716592
716748
716856
717245
716958
716960
717895
717426
717992
717417
717959
717523
718013
717459
717521
717392
717801
717706
717677
717897
717391
717415
717727
717428
717800
717596
717396
717694
717412
717806
717659
717996
717398
717687
717747
717889
717467
717837
717657
717429
717601
717446
717691
717749
717409
718474
718123
718251
718435
718204
718243
718268
718264
718570
718436
718191
718584
718710
718708
718239
718476
718680
718136
718222
718351
718206
718571
718659
718135
718080
718679
718655
718662
718078
718280
718246
718714
718086
718129
718195
718258
718171
718582
718484
718288
718383
718085
718279
718267
718236
718389
718215
718392
718346
718237
718978
719392
719099
719355
719384
719357
718951
719138
719222
719065
718914
719420
719383
719104
719152
719098
719158
719275
719055
718849
718787
718979
719331
718829
719237
719109
719129
718916
718955
719417
718788
718852
719435
718918
719227
719063
718984
718854
719284
719276
719664
719784
720051
719799
719441
720053
720080
719755
719832
720033
719944
719448
720038
719966
719688
719699
719442
719754
719605
719897
719698
719972
719672
720121
720102
720008
719735
719600
720005
719599
719705
719523
719630
719813
719893
720012
719775
719661
719704
719557
719631
719687
720101
719493
720011
719836
719503
719607
720756
720572
720434
720479
720293
720193
720256
720380
720862
720834
720845
720359
720615
720704
720294
720858
720806
720507
720661
720138
720835
720844
720866
720747
720777
720638
720154
720372
720384
720575
720699
720181
720864
720608
720641
720698
720159
720831
720607
720761
720145
720754
720574
720849
720637
720279
720385
720628
720559
720612
720588
720557
720640
720555
720146
720400
720367
720746
720369
720525
720498
720830
721176
721326
721267
721583
721021
721393
721469
721056
721409
721258
721353
721025
721259
721517
721095
721352
721535
720910
721196
720979
721334
721582
721574
721506
721331
721430
721107
720970
721229
721518
721504
721111
721396
720926
721321
721470
721323
721437
721195
721348
721024
721451
721424
721210
721271
721070
721316
720911
721221
721067
720976
721030
721440
721201
721136
720928
721131
721538
721462
721433
721315
721252
721417
721236
721069
721432
721435
721473
721029
722223
721746
721603
722319
722165
721685
722088
722222
722105
721777
721775
721701
721818
721820
721671
722136
722250
722242
721907
722026
722230
721751
721972
721980
722111
722164
721651
721995
722128
721720
722231
722104
722251
721801
721973
721684
721617
721802
721653
721666
721719
721990
722293
721930
722000
721616
721706
721606
721803
721716
722579
722754
722976
722750
722624
722731
722817
722838
722691
722441
722659
723024
722977
722626
723014
722508
722595
722804
722652
723091
723015
722943
722933
722466
722420
722658
722914
723084
722555
722968
722530
723075
722481
722789
722873
722790
722346
722599
722464
722389
723019
722348
723070
722398
722793
722967
723696
723457
723396
723188
723274
723687
723525
723745
723418
723697
723397
723395
723678
723217
723707
723665
723189
723790
723469
723473
723250
723101
723607
723701
723627
723416
723690
723783
723511
723603
723152
723741
723444
723306
723192
723232
723583
723672
723645
723674
723236
723210
723451
723153
723347
723824
724065
724472
723846
724099
723801
723802
724351
724143
723821
724037
724031
723948
724441
724233
724030
723997
724474
724007
724082
724019
724393
724043
724035
724096
724139
724105
724343
724442
723887
724252
723943
724349
724434
724436
724387
724089
723883
723881
724186
723953
724251
724250
723794
724028
724033
724328
723951
724002
724103
724187
723868
723965
724084
725144
724614
725017
724748
724640
724994
724896
724612
724563
724598
725190
724562
724941
725024
724695
724599
724721
724825
725046
724995
724801
724897
724579
724781
724931
724496
725086
724536
724826
724655
724539
724636
724764
724798
724925
724728
725043
724979
724595
724727
725153
724881
724938
725015
724568
724884
725083
724730
724502
724763
725072
725058
724550
725071
724604
725019
725081
725154
725733
725527
725196
725690
725933
725892
725925
725617
725924
725426
725724
725683
725204
725268
725619
725900
725447
725521
725319
725502
725512
725501
725199
725742
725882
725883
725350
725197
725269
725210
725469
725750
725220
725611
725899
725278
725436
725495
725646
725423
725626
725277
725212
725613
725468
725627
725406
725530
725802
725932
725355
725354
725519
725221
725801
725894
725245
725345
725905
726622
726313
726489
725971
726684
726617
726621
726345
726046
726213
726498
726350
726314
726198
726676
726594
726456
726351
726590
725975
726683
726116
726083
726615
726411
726322
725956
726130
726321
726209
725976
726537
725998
725949
726605
726041
726596
726112
726128
726434
725958
726084
725968
726033
726346
726472
726451
726133
726111
726432
726011
