654569
654238
654202
654236
654520
654629
654189
654199
654299
654758
654541
654331
654343
654755
654300
654200
654277
654791
654687
654344
654329
654665
654321
654820
654354
654671
654350
654241
654624
654390
654340
654862
654320
654737
654808
654669
654219
654812
654339
654806
654654
654212
654545
654534
654392
655435
655074
655233
655336
655288
655276
655077
655461
654944
654952
655141
655529
655581
655517
655530
654982
655344
655237
655375
654949
655365
655549
655234
655386
655582
655510
655261
655277
655013
655148
655371
655506
655265
655385
655560
654923
655355
655559
655109
654946
655539
655431
655038
654992
654939
655360
655569
655515
655059
654925
655754
655683
656172
655864
656073
656224
656255
656113
655711
655776
656167
655787
656114
656130
655865
656032
656226
655880
655662
655609
656168
655709
655758
656256
656192
656128
655682
655971
655681
656173
656061
655877
655976
655789
655847
656068
655690
656147
655604
655738
655595
655651
655767
655594
656034
656217
655597
655823
656909
657029
657068
656422
656859
657021
656744
656917
656470
656405
656595
657064
656820
656335
656627
656945
656353
656355
656717
656944
656561
656371
656579
656947
656625
656404
657024
657027
656853
656826
656855
656675
656845
657044
657016
656655
656332
656606
656645
656496
656339
656921
656846
656577
656949
656751
656740
656366
656848
656654
656719
656761
656644
657099
657163
657307
657734
657160
657548
657186
657306
657089
657323
657092
657094
657428
657397
657365
657102
657202
657371
657493
657142
657566
657754
657124
657284
657413
657184
657655
657338
657137
657411
657468
657158
657348
657097
657659
657249
657750
657418
657603
657495
657135
657250
657660
657174
657508
657141
657565
657239
657906
657904
657918
658221
658512
658223
658344
657934
657770
658327
658231
658170
658120
658482
657922
657982
658039
657932
658266
657917
658069
658038
657783
657883
658220
657929
658371
658056
658395
657869
658503
657969
658375
658033
657941
657914
658166
657839
657908
658117
657946
658123
658121
657970
657867
657911
657913
657937
658172
658004
658165
658064
658326
658353
657784
658125
658942
658989
659099
659113
659277
658974
658993
659139
658834
658875
658795
658950
658969
659268
659142
659125
658959
659007
659104
658940
659102
658578
658708
659114
659238
658705
659075
658867
658589
658591
658970
659225
658845
658822
659254
659202
658575
659124
658892
659137
659278
659010
659093
658729
658838
658704
659074
658956
658870
658604
659227
658567
658958
659050
658749
659201
658794
659270
658751
659094
659051
658975
658580
659918
659926
659576
659436
659511
659905
660042
659723
659700
659795
659379
659904
659888
659482
659924
659796
659728
659444
659629
659883
659502
659613
659884
659608
659555
660041
659435
659772
659851
659671
659934
659816
659835
659590
659484
659413
660014
659792
659514
659920
659566
659711
659866
660015
660037
659414
659417
659525
659362
659672
659970
659528
659697
659507
659817
659516
659589
659848
659418
660229
660112
660457
660658
660343
660752
660477
660344
660122
660445
660087
660522
660160
660721
660163
660597
660499
660208
660529
660781
660591
660733
660655
660731
660224
660634
660153
660801
660630
660723
660283
660264
660368
660114
660462
660784
660097
660284
660090
660608
660755
660806
660693
660125
660247
660605
660756
660126
660745
660494
660128
660758
660400
660679
660276
660460
660592
660449
660172
661503
661045
661519
661345
661361
661353
661341
660858
661448
661427
661043
661352
661032
661584
661502
661170
661046
661097
661006
661397
661044
661220
661521
660910
661585
661429
660947
661034
661007
661096
661094
661047
660985
661255
661037
661389
661132
661445
661221
661160
660943
660986
660915
661069
661133
660912
661071
661851
661754
662255
661706
661812
661810
661672
661978
661866
662110
661828
662225
661741
661893
662237
662186
662111
662178
661963
661753
661637
662258
661835
661729
662228
661765
661890
661859
661674
661778
661786
661853
661861
661869
662198
661704
662219
662217
662201
661652
662172
662220
661694
662007
661870
661855
662183
661883
661696
662142
662752
662939
663044
662721
662961
662706
662416
662516
662508
662534
662975
662897
662351
663054
662713
662995
662482
662876
662864
662656
662777
662959
662358
662727
662863
662758
662978
662533
662757
662462
662731
662478
662352
662543
662890
662419
663002
662490
662827
662866
662723
662392
662586
662436
662521
662877
662992
663079
662708
662972
662990
662518
662539
662388
662965
662909
662725
662541
662538
663038
662355
662710
662549
663361
663234
663232
663355
663158
663368
663493
663117
663601
663668
663207
663345
663205
663571
663559
663627
663181
663298
663204
663356
663642
663384
663624
663096
663369
663160
663189
663487
663164
663534
663343
663712
663555
663209
663491
663329
663152
663561
663389
663183
663254
663527
663690
663269
663330
663275
663434
663522
663755
663333
663185
663365
663388
663091
663628
663334
663471
663552
663523
663463
663546
664388
664192
664508
663947
663934
663821
663911
664455
664482
664400
664056
664230
664211
663859
664506
663935
664446
663939
664248
664497
664045
663985
664280
664247
664210
664451
664358
664073
664058
664006
664122
664465
664097
664445
663892
664295
664098
663957
664293
664155
664389
663902
664348
664014
663862
664068
663960
664022
663861
664396
664510
663904
663944
664310
664123
663941
664047
664495
664275
664279
664080
664581
664625
665087
665008
664924
665055
664861
664942
664853
664566
664913
664645
664786
664971
664885
664696
664580
665083
664526
665254
664887
664692
665082
664646
664608
664667
664888
664724
665172
664553
664713
665046
664911
664948
664682
665060
665182
664552
664583
664796
664744
664605
664572
664890
664557
664628
664954
664940
664974
664950
665047
665169
664570
664930
665287
665377
665914
665464
665466
665916
665857
665573
665678
665870
665510
665316
665786
665394
665805
665396
665784
665633
665368
665634
665915
665923
665765
665952
665858
665951
665576
665724
665925
665881
665919
665899
665523
665928
665940
665375
665285
665958
665399
665918
665373
665872
665383
665676
665665
665767
665957
665662
665934
665302
665837
665509
665663
665706
665661
665902
665526
665675
665842
666273
666680
666426
666080
666347
665997
666333
666316
666402
666669
666480
666360
665995
666425
666198
666157
666551
666547
666155
666393
666078
666416
666356
666390
666098
666269
666063
666361
666349
666064
666630
666368
666137
666028
666388
666549
666046
666032
666322
666099
666184
666600
666042
667005
666811
667262
666832
667312
666942
667114
667265
667167
667017
666790
666996
667229
667275
666733
666994
667246
666900
666740
666734
667353
666966
666836
667336
666716
667063
666714
666770
667128
667277
666820
667068
666758
667374
667196
667337
667240
666891
666894
666901
667249
667164
666802
666871
667100
666789
666738
667375
667318
667450
667738
668146
667929
667788
667449
667580
668003
667869
668101
667928
667647
667883
667456
668147
667525
667541
667535
667850
667621
667427
667886
668108
667645
667751
667830
667935
667956
667755
667581
668107
667593
667968
668115
667428
667617
667851
667596
667954
667952
667575
668089
668149
667572
667957
667753
667657
667614
667875
667530
667462
668072
667950
667458
667650
668150
668371
668199
668868
668507
668285
668785
668869
668424
668508
668857
668410
668437
668345
668463
668606
668372
668621
668670
668273
668652
668262
668433
668300
668276
668682
668512
668494
668422
668809
668190
668449
668855
668513
668323
668604
668207
668808
668588
668307
668834
668398
668549
668729
668623
668445
668269
668500
668684
668607
668787
668450
668419
668548
668205
669131
669209
669263
669571
668958
669058
669367
669232
669321
668965
669234
669138
669019
669066
669264
668950
669399
669411
669391
669020
668951
669132
669493
669451
669106
669000
669396
669141
669107
668968
669368
669279
669281
669115
669518
669310
669152
668994
669714
669967
669587
669995
669974
670236
669597
669801
670111
669783
669616
669638
670248
670023
669718
670266
670186
670092
670167
669773
670102
670185
669917
670156
670249
669715
670109
669937
669907
669645
670189
670061
669815
669993
669981
669897
669599
670024
669690
670122
669805
669894
670259
669842
669818
669726
669708
669600
670263
669617
670183
670191
669717
670121
669905
670193
670164
669613
670261
669971
669973
669857
670114
669980
670884
670661
670363
670721
670463
670989
670780
670877
670350
670450
670293
670413
670313
670294
670645
670990
670958
670448
670988
670333
670801
670358
670603
670841
670368
670756
670957
670606
670445
670418
670754
670879
670797
670602
670939
670938
670446
670562
670924
670331
670494
670920
670503
670426
670931
670747
670943
670356
670344
670550
670438
670563
671063
671593
671620
671455
671572
671666
671486
671180
671465
671064
671570
671560
671622
671635
671464
671157
671078
671047
671667
671485
671496
671362
671638
671363
671175
671555
671562
671347
671170
671580
671401
671477
671613
671614
671242
672060
671926
671998
672295
672261
671702
672146
671767
672148
672351
672007
672043
671863
672284
671924
672042
672244
672186
671825
672304
671886
672102
671764
671823
672142
672161
672145
671729
671917
671723
671688
672079
671772
672296
671936
671687
672174
671857
672175
672051
672278
672003
672291
672279
672262
672289
671715
672153
672046
672266
672156
671861
672100
672301
671934
671728
672086
672585
672516
672851
673115
672769
672627
672791
672553
672589
672761
672557
673116
672515
672691
672950
672518
673014
672628
672551
672684
672451
672588
672735
672424
672726
672827
672521
672924
672839
672817
672815
672757
672706
672548
672631
672454
672469
672892
672923
673098
673001
672591
672680
672742
672958
672563
673015
673002
672599
672708
672632
672921
672470
672828
672549
673499
673757
673146
673688
673719
673233
673157
673363
673663
673513
673662
673608
673717
673384
673548
673412
673261
673202
673391
673729
673383
673809
673603
673467
673634
673490
673249
673659
673450
673331
673460
673365
673801
673586
673554
673588
673755
673409
673553
673448
673709
673742
673339
673515
673534
673584
673800
673314
673198
673562
673673
673296
673434
673707
673321
673313
673319
673710
673555
674068
674462
673937
674416
674600
674491
674544
674121
674471
673927
674424
674040
674124
674252
673942
674010
673906
673910
674451
673914
674058
674308
673936
674506
674103
673895
674117
674475
674063
673925
674136
674003
674565
674039
674208
674166
674309
674167
674562
674024
674185
674021
674346
674504
674092
674592
673922
673931
674002
674055
674548
674108
675125
675230
674938
674750
674640
675183
674826
675104
675159
675118
674914
674696
674649
674787
675229
675181
674977
675095
675304
675127
674983
674642
675211
675209
674924
674981
675177
674828
675031
674788
674794
674930
675003
675225
674986
675112
674974
674854
674638
674940
675173
675294
674999
674971
674681
674647
674969
674985
675208
675306
674843
675831
675344
675323
675945
675874
675425
675877
675810
675343
675944
675906
675599
675870
675899
675463
675766
675793
675849
675888
675661
675801
675339
675627
675565
675486
675741
675612
675666
675770
675469
675383
675593
675636
675620
675340
675431
676277
676308
676631
676489
676466
676402
676339
676248
676188
676764
676704
676264
676467
676487
676573
676689
676713
676528
676340
676593
676736
676309
676174
676350
676718
676712
676772
676725
676189
676326
676531
676037
676508
676262
676329
676569
676193
676721
676501
676281
676703
676343
676176
676502
676691
676761
676532
676903
676864
677383
676860
677346
677173
676871
677324
677356
676893
677044
677056
677392
676880
676815
677290
677263
677301
677397
677039
677547
677204
677186
676851
677318
677495
676961
676973
677401
677334
677028
677034
677333
676847
677164
676845
676972
676844
677188
677400
677486
676820
677366
676882
676924
676822
677364
676954
676952
676923
677029
677535
677389
677035
677133
676826
677494
677292
677929
677824
677767
677923
677778
677915
677879
677893
677581
677791
678151
678164
677630
677759
678141
678076
677647
677649
678142
678266
678247
677589
677911
677675
677726
677793
677894
677685
678101
677775
677615
677801
678021
677713
677686
677968
677833
677714
678025
677883
678074
677830
678146
678167
678243
677760
677594
677834
678007
678072
677724
678131
677737
677764
678845
678816
678547
678688
678285
678781
678359
678549
678887
678405
678774
678870
678575
678356
678602
678593
678958
678334
678927
678888
678752
678753
678869
678951
678603
678926
678706
678719
678574
678338
678950
678762
678901
678657
678884
678720
678315
678945
678805
678403
678413
678946
678822
678598
679235
679223
679083
679081
679412
679592
679248
678975
679297
679231
679225
679562
679014
679531
679364
679116
679407
679572
678971
679130
679414
679234
679667
679551
679253
679015
679200
678977
678980
679282
679018
679004
679220
679405
678970
679604
679119
679211
679173
679296
679473
679110
679162
679209
679017
679550
679048
679003
679481
679245
679483
679472
679078
679891
679762
679827
679839
680211
680036
679752
679828
679783
680212
680360
680362
680267
679747
679949
679925
680415
679795
680326
680429
679753
680259
680178
680395
679716
679903
680440
680236
679763
679784
679799
679884
679736
680248
679899
680325
680388
680167
680198
680179
680356
679815
680396
679879
679704
679907
679952
680418
679774
680228
679820
679811
680427
680310
679908
679837
679772
679960
679737
679814
681052
681172
680596
680700
680605
680586
680721
680822
680947
680638
680791
680912
680720
681051
680956
680594
680494
680955
680701
680908
681207
680525
680693
680906
681025
681118
681174
680503
680667
680832
680666
680856
680747
680537
680581
680946
681041
680741
681026
681119
680650
680646
680738
681205
680695
681136
681135
680598
681061
680893
680649
680891
680582
680545
680859
681748
681331
681278
681657
681655
681686
681234
681547
681526
681633
681537
681767
681241
681687
681550
681446
681333
681811
681482
681678
681417
681799
681726
681644
681308
681426
681445
681335
681808
681283
681551
681392
681757
681648
681606
681771
681297
681393
681667
681411
681284
681790
681617
681788
681608
681532
681589
681240
681619
681865
681801
681413
681629
681238
681431
681807
682256
682295
682387
682263
682282
682011
682235
682104
681920
682516
682482
681909
682050
682456
682163
682177
682190
682388
682165
681971
682010
682237
682457
682382
682616
682573
682108
682194
682503
682501
682259
682048
682572
682243
682100
682026
682518
682191
682305
682322
683197
682785
682977
683148
683146
683117
683230
682824
683272
683278
683121
683231
682662
683202
683168
683072
682828
682975
683115
683074
682857
682996
682706
682649
683271
683323
683124
683180
683203
682709
683279
683112
682776
682666
682777
683058
683266
682801
682826
683187
682768
683056
682973
683126
683265
682938
682784
683193
682665
683208
683127
683154
683191
684038
683865
683656
683485
683964
683390
683515
683985
683657
683415
683787
683472
683523
683648
683986
683428
683927
683655
683473
683435
683725
683494
683451
683406
684001
683400
683698
683563
683818
684026
683947
683916
683526
683481
683495
683782
683862
684093
683965
683529
683663
683482
683915
683958
683757
683788
683554
683669
683430
683414
683780
684002
683530
684714
684539
684425
684476
684231
684270
684692
684140
684328
684320
684138
684512
684354
684600
684135
684403
684251
684233
684327
684799
684122
684319
684797
684402
684136
684177
684656
684414
684205
684632
684322
684601
684424
684510
684206
684655
684179
684337
684243
684474
684666
684324
684338
684230
684398
684413
684249
684490
684631
684368
684301
685139
685355
685115
685236
685378
685190
685311
685309
685304
684899
685334
685012
685009
685117
685077
684947
684869
684827
685134
684870
685405
685426
685333
685142
685010
685116
685214
685110
685420
685439
684930
685113
685440
685347
685234
684877
685404
684923
685184
685028
685374
685150
685290
685354
684878
685345
685243
684922
685165
685432
685388
685015
684861
685479
685568
685592
685638
686059
685540
685956
686060
685606
685580
686125
685675
685478
685642
685748
685677
685880
685987
685610
685954
685752
686117
685604
685889
685471
685684
685694
686037
685946
686074
685919
686041
686077
685885
686152
685693
685813
685836
685877
685575
685915
686169
685688
686130
686006
685874
686039
685629
686153
685659
685630
685754
685689
685519
685670
686366
686498
686499
686467
686518
686530
686525
686665
686833
686670
686314
686279
686292
686698
686313
686229
686556
686783
686259
686722
686469
686664
686277
686312
686819
686902
686516
686369
686656
686728
686550
686895
686789
686237
686765
686255
686817
686563
686536
686548
686338
686310
686642
686846
686529
686589
686394
686651
686997
687291
687351
686986
687002
687194
687217
686920
687463
687250
687421
687287
686929
687028
687433
687589
687213
687453
687591
687153
687204
687139
686995
687346
686933
687269
686921
687254
687533
687455
687023
687215
686991
686964
687525
687181
687017
687393
687267
687034
686944
686987
687260
687430
687661
687923
687933
687855
687853
687682
687678
687729
687693
688136
687708
687689
687732
687659
687745
687884
688273
687988
687880
688335
687677
688314
688221
688089
687641
687765
688277
688220
687870
688241
688137
687936
688243
688173
687989
687821
688271
687864
688130
687714
687625
687865
688141
688320
688054
687687
687684
687717
687638
688160
687754
688269
687819
687626
688092
688017
688302
688178
687700
688139
688050
687965
687709
688919
688657
688735
688772
688704
688909
688832
688702
688666
688603
688774
688970
688868
688671
688530
688956
688516
688798
688902
688580
688686
688853
688658
688695
688935
688816
688924
688688
688579
688687
688831
688736
688753
688587
688694
688528
688934
688565
688618
689065
688962
688856
688760
688668
688625
688585
688872
688926
688708
689009
688467
688705
689066
689067
688597
688557
688473
688762
688951
689139
689470
689350
689373
689828
689673
689421
689456
689569
689719
689455
689100
689518
689731
689357
689826
689789
689394
689247
689352
689329
689341
689304
689389
689723
689355
689130
689682
689345
689104
689447
689848
689684
689142
689524
689818
689152
689108
689815
689571
689847
689469
689430
689259
689687
689337
689364
689379
689790
689199
689677
689418
690014
689939
690224
690311
690168
689886
690142
690496
690442
690099
690457
689909
690069
690180
690225
690016
689918
690313
690309
690167
690531
689994
690456
689877
690238
690317
689944
690140
690176
689919
690395
689901
690349
690056
690213
689881
689967
689981
690525
690550
689933
690196
690186
690035
690397
690174
690177
690335
690241
690086
690187
689953
690350
689908
689992
690981
690820
691059
690771
691318
690839
690992
691087
690993
691055
691098
691003
691168
691046
691138
690757
691076
690819
690816
690734
691107
690815
690796
691169
690745
691333
691090
690756
690741
691048
691327
690856
691267
690921
690793
691044
691313
690640
691334
690638
691266
690719
690732
690794
690635
690923
690791
691158
690770
690987
690639
690848
691270
691062
691314
691645
692021
691520
691776
691794
692060
691652
691592
691795
691758
692027
691450
691423
691425
691660
691714
691509
691528
691699
691409
691541
691466
691661
691680
691402
692049
691529
691919
691771
691664
691446
691785
692022
691690
691866
692048
692033
691909
691675
691452
691577
691853
691447
691873
691689
691772
691573
691414
691924
692502
692236
692571
692590
692267
692251
692151
692549
692551
692427
692260
692548
692192
692320
692507
692656
692620
692112
692263
692581
692760
692622
692706
692224
692448
692314
692547
692256
692555
692313
692119
692540
692592
692226
692660
692154
692526
692459
692321
692198
692569
692416
692636
692381
692201
692268
692111
693042
693359
693138
693342
693081
692973
692899
693022
692819
693131
693191
692996
693428
693232
693035
693389
692956
693063
692924
692871
693293
693159
693079
692987
693277
692900
693286
692957
692997
693391
692970
692925
692964
693119
692991
693039
693162
693057
693404
693357
693289
692950
693087
693084
693353
693173
693292
693279
693077
692835
692949
693154
692968
692999
693026
693127
692834
694176
693986
693664
693777
693974
693590
693871
693580
693720
694041
693508
693987
693869
693977
694021
693698
693646
693784
693758
693746
693637
693886
693932
693585
693742
693744
693697
693738
693466
693885
693694
693747
693788
694130
693641
693980
693584
693574
693462
693696
693576
693659
694016
693918
694483
694407
694417
694781
694220
694889
694481
694293
694430
694538
694731
694886
694491
694321
694480
694705
694543
694714
694222
694358
694534
694581
694569
694286
694484
694682
694740
694784
694292
694446
694477
694204
694758
694805
694702
694795
694634
694788
694549
694804
694733
694576
694456
694448
694230
694615
694546
694478
694596
694579
694475
694838
694554
694223
694606
694403
694319
694528
694219
694946
695170
695504
695252
695302
695463
695163
694974
695573
695168
695464
695166
695074
694950
694947
695141
695482
695295
695245
695221
694904
695398
695524
695262
695183
695267
695200
695065
695572
695206
694895
695270
695162
694929
695561
695210
695185
695293
694925
695143
695230
694921
695290
694901
695480
695382
695585
695509
695525
695226
695190
694917
695278
695383
695563
695291
694975
695094
695186
695244
695496
695424
694918
696129
695770
696054
695666
695829
695670
696189
696086
695979
695602
695914
696200
696047
695881
696065
696069
696008
696107
695634
695603
695879
696211
695824
695763
696157
695854
696060
696052
696058
696217
696231
695746
695823
695774
695864
696187
695842
696108
696156
695971
696136
695973
695744
696014
695737
695939
695632
696973
696866
696632
696413
696367
696983
696698
696293
696516
696715
696380
696974
696400
696618
696678
696668
696667
696982
696726
696515
696718
696304
696614
696707
696411
696303
696291
696336
696409
696530
696466
696864
696749
696302
696554
696780
696524
696725
696853
696842
696719
696467
697330
697116
697417
697647
697364
697287
697145
697385
697040
697114
697015
697648
697221
697710
697384
697288
697107
697570
697409
697456
697270
697207
697345
697223
697339
697186
697703
697260
697054
697705
697037
697527
697649
697065
697508
697066
697151
697708
697685
697072
697656
697481
697506
697340
697012
697158
697150
697360
697050
697453
698274
698072
698410
697725
698316
697728
698153
698212
698137
697762
698315
698059
697796
697821
697867
697735
697963
697769
698138
698196
697799
698101
697987
697766
697971
697865
697739
698243
698102
697953
698253
698121
698268
698214
697904
698273
698152
698131
698082
698404
698406
697840
697918
697924
698073
698342
697763
697981
698245
697732
698321
697778
698409
697901
697770
698064
697776
698341
697936
699048
699058
698816
698835
698785
699132
698698
698620
698622
699036
698871
698845
698458
698760
698907
698784
698725
699010
698723
698663
698814
698504
698453
698553
698997
698672
698478
698972
698501
699131
698908
698457
698676
698762
698657
698730
698957
698970
698678
698645
698842
698451
698806
698494
698971
698913
699137
698840
698658
698542
698948
698552
699114
698805
698737
698800
698895
699126
698669
698850
699512
699228
699481
699623
699253
699237
699414
699266
699641
699367
699238
699390
699307
699887
699315
699378
699897
699421
699687
699811
699636
699241
699245
699418
699901
699742
699369
699329
699389
699271
699802
699546
699841
699655
699411
699851
699429
699711
699265
699885
699423
699316
699372
699724
699875
699621
699272
699799
699508
699179
699445
699820
699673
699745
699427
699903
699415
699276
699248
699874
699355
699468
699247
699408
699255
699545
699440
699394
699591
699904
699728
700293
700088
700389
700598
700418
700098
700390
700227
700286
700430
700357
700011
700466
700089
700118
700539
700380
700434
700092
700200
700086
700529
700562
700413
700156
700530
700199
700203
700563
700305
700351
700341
700433
700012
700176
700256
700476
700243
700339
700157
700349
700437
700228
700359
700137
700135
700435
700538
701302
700905
701342
701216
701191
700845
701030
700677
700685
701056
701276
700868
700897
700888
701187
701170
700806
701214
700833
700804
700890
701111
700989
701297
701193
700730
700653
701002
700881
701330
701112
701194
701023
700666
701203
700728
701054
700769
701022
701064
700902
700771
701349
700973
700880
701068
700923
701063
700878
701070
700909
701312
701835
701511
702071
702060
701701
701869
701662
702019
701938
702036
701725
701510
701645
701977
701862
701819
701618
702064
701407
701958
701406
701603
701612
701382
701750
701939
701817
701753
701868
701464
701770
701744
702075
701764
701416
701470
701752
701890
701950
702057
701619
701527
702056
701889
701772
701463
701724
701591
701743
701381
701722
702077
701611
701460
702523
702426
702242
702657
702688
702182
702282
702357
702478
702244
702358
702314
702601
702290
702159
702743
702271
702568
702686
702402
702745
702524
702223
702476
702656
702759
702433
702225
702103
702765
702564
702345
702429
702353
702739
702779
702371
702734
702201
702147
702495
702352
702344
702320
702351
702288
702269
702758
703128
703211
702999
703326
703271
702988
703154
703082
703267
703506
702949
703473
703092
703361
702904
703085
703181
703266
702858
703133
703051
703273
702802
703155
702897
703360
703438
703226
703428
702894
703357
702917
703219
703427
702807
702992
703159
702892
703041
702855
703325
703089
703044
703356
703262
703040
703505
703227
703447
703493
703849
704090
703567
703848
704012
703872
703758
703576
704270
704003
704187
703983
703578
703638
704052
704013
704178
703759
703897
703605
703941
704265
704082
704256
703585
703620
703662
703838
704266
704255
703606
703592
704095
703614
703584
703969
703866
703684
704177
703985
703940
703774
704326
704653
704602
704381
704418
704447
704830
704824
704557
704472
704379
704477
704566
704767
704479
704337
705009
704394
704657
704800
704322
704510
704684
704779
704293
704673
704935
704828
704694
704512
705028
704963
704286
705027
704685
704765
704778
704403
704474
704677
704383
704670
704651
704329
704323
704688
704506
704328
704375
704839
705015
704505
704494
704551
704485
704484
704324
704669
704578
704384
704495
704287
704783
704289
705360
705178
705115
705305
705184
705541
705307
705485
705130
705131
705548
705261
705359
705251
705240
705221
705627
705162
705164
705154
705163
705153
705643
705156
705573
705348
705355
705614
705285
705556
705725
705253
705169
705681
705384
705347
705170
705194
705378
705174
705613
705345
705119
705723
705555
705617
705364
705578
705343
705362
705989
706372
706267
706370
705774
705787
706421
705888
706179
706280
706302
706033
706199
706014
705862
706104
706409
705799
705983
706170
705791
705865
706283
706026
706195
705892
706161
705890
706319
705909
706031
706037
705749
705992
706184
706070
705965
706016
706178
705975
706071
706263
706196
706039
705903
706273
705800
706272
706159
705960
706251
706410
705910
706063
705974
706073
706261
705789
706271
706036
706252
706493
706874
707078
706936
707079
706847
707146
706525
706560
707112
706690
707155
706701
706983
706714
707169
706616
706926
706967
707015
707116
706507
706451
706715
706968
706505
707145
706594
707057
706664
706948
706982
706803
706709
707114
706615
706675
707128
706514
706444
707157
706695
706517
706592
706887
706662
706673
706931
706845
706757
706888
706436
706899
707117
706606
707525
707333
707837
707753
707214
707222
707291
707383
707835
707667
707683
707334
707199
707386
707554
707792
707557
707425
707408
707666
707263
707848
707265
707786
707587
707842
707650
707510
707856
707349
707585
707682
707431
707752
707764
707513
707242
707560
707793
707304
707240
707777
707563
707380
707443
707552
707773
707855
707851
707429
707195
707804
707435
708170
708121
708078
708367
708102
708008
708155
707927
708217
708295
708587
708527
708233
708164
708265
708637
708257
708412
707880
708096
708100
708074
707970
708413
708245
708407
708172
708215
708049
708521
708364
708347
708048
708032
708409
708246
708258
709193
708737
709072
709243
708893
708884
709180
708945
708919
709230
709144
709201
709032
709070
708734
708790
709182
709202
708794
709145
708943
708802
708645
708723
709067
708921
709268
709088
709258
708883
708977
709245
708803
708800
708647
709114
708994
708951
709064
708978
709191
708788
708688
709115
709111
709123
709719
709343
709447
709506
709608
709748
709715
709771
709396
709919
709556
709856
709603
709774
709559
709677
709695
709917
709530
709557
709781
709819
709788
709577
709490
709816
709576
709780
709778
709440
709706
709903
709820
709872
709437
709578
709573
709813
709906
709634
709684
709533
710524
710050
710644
710570
710631
710413
710067
710004
710616
710412
709986
710397
710441
710217
710044
710550
710357
710083
710642
710230
710012
710398
710003
710069
710045
710082
710488
710523
710628
710618
710148
710659
709951
710073
710572
709952
710183
710541
709989
709976
710184
709992
710170
710544
710361
710140
710546
709974
710216
710574
710232
710535
710056
711271
711172
711000
710781
711052
711321
710897
711353
710855
710970
711270
711394
710736
710928
710850
711244
711149
710883
710783
711027
711133
710884
710729
710868
710906
711243
710899
710876
710843
711352
711067
711402
710790
711392
711065
710732
710985
711182
710791
710844
711177
710870
710935
710725
710715
710703
710805
711313
710997
710875
710746
710817
710900
710871
711770
711442
712012
711653
711684
711775
711465
711728
711700
711815
711798
711731
711956
711424
711467
712016
711895
711864
711783
711427
711740
711772
711750
712027
711896
711715
711969
711547
711941
711631
711955
711488
711800
711813
711611
711557
711819
711951
711808
711971
711441
712106
711722
711521
711916
711796
711681
711726
711591
711538
712008
711763
712124
711633
711582
712114
711659
711482
711903
711990
711552
711993
711902
711612
711429
711572
711529
711574
711634
712355
712430
712365
712514
712826
712636
712207
712150
712699
712353
712173
712611
712772
712196
712834
712773
712804
712234
712325
712206
712776
712538
712160
712164
712828
712719
712156
712433
712396
712638
712659
712328
712242
712436
712153
712198
712723
712329
712705
712470
712449
712238
712536
712183
712361
712476
712782
712481
712165
712829
712613
712331
712231
713334
713003
712903
713211
713399
712875
713428
713212
713330
713053
713161
713292
713438
713275
713107
713293
713398
713550
713098
712879
713437
713327
713243
713418
712864
713057
713276
713548
713233
713282
713245
713460
713441
712842
713336
713390
712962
713483
713263
712844
713572
713284
713260
712865
713416
713006
712855
713250
713234
713252
713359
713046
712928
713443
713338
713484
713388
713240
714080
713696
713886
713871
713679
713626
714060
714000
714045
713842
713689
713627
714293
714111
714291
714155
713633
713681
714244
713875
713634
714059
714065
714290
713737
714079
714241
714325
713825
713824
713775
713833
713827
714103
713816
713799
714041
713960
713836
714115
714085
714326
713749
713739
713786
713722
714040
713981
714256
714520
714556
714502
714473
714350
714899
714381
714460
714494
714506
714647
714684
714775
714360
714564
714374
714534
714880
714532
714580
714519
714361
714475
714524
714710
714565
714377
714448
714680
714845
714601
714847
714785
714577
714355
714733
714889
714467
714457
714508
714888
714603
714346
714707
714791
714560
714462
714936
714943
714651
714778
714487
714512
714356
714873
714514
715013
715512
715525
715150
715405
715669
715335
715442
715218
715441
715143
715189
715153
715583
715216
715406
715229
715370
715152
715642
715516
715725
715724
715606
715652
715518
715742
715646
715644
715204
715148
715205
715595
715138
715677
715333
715741
715286
715617
715541
715156
715567
715670
715610
715520
715139
715678
715615
715956
715856
715903
716376
716136
716214
716516
715887
716355
716247
716292
716389
716154
716466
716456
716534
716448
716316
716457
716249
716138
716494
715886
716078
716438
716305
716153
716397
716361
715991
715957
716348
716195
715842
716134
716391
716149
715942
716118
716394
716071
715954
716454
715944
716483
716281
716068
716451
716171
716307
716496
715853
716476
715989
716536
716481
716147
715843
716312
716170
717059
716850
716732
716617
717228
716685
717090
716845
716724
716934
717030
716996
717241
717127
716725
717122
717194
716684
717091
716952
716577
716879
717254
716751
716777
717227
716980
716939
716955
717021
716963
717294
716970
717159
717253
717057
716666
717234
717111
716990
716929
716745
716616
716943
716657
717248
717027
716579
716679
717128
716735
717295
717236
717140
716746
717436
717317
717927
717970
717400
717577
717852
717963
717665
717470
717401
717567
717316
717682
717598
717741
717611
717464
717736
717610
717743
717308
717472
717884
717335
717676
717641
717670
717482
717709
717828
717434
717719
717783
717951
717334
717643
717904
717912
717438
717966
717421
717527
717909
717431
717483
717410
717347
717488
717594
717674
717952
717869
717871
717887
717900
717784
717664
717311
717929
717309
717826
717603
717967
717745
717526
718458
718110
718697
718505
718371
718385
718627
718676
718183
718270
718402
718144
718587
718519
718093
718426
718614
718145
718372
718188
718598
718105
718688
718415
718326
718307
718523
718180
718521
718229
718292
718665
718313
718099
718319
718695
718629
718470
718562
718103
718413
718115
718293
718452
718716
718593
718612
718153
718440
718094
718670
718687
718308
718848
719040
719029
719136
718784
719258
718745
718988
718910
718728
718934
719026
719390
718791
718966
718780
719095
718746
718779
718793
719296
718890
719085
718967
719008
719032
718933
719094
719401
718908
719247
718887
718730
719165
719023
719122
719246
719349
718731
718840
718799
719396
718897
719064
718989
719132
718801
719035
719260
719079
719081
718771
719036
719298
718888
719119
719090
719166
718816
719010
719120
718818
719264
719091
719369
719402
718795
719123
719037
719830
719594
719770
719511
719802
720078
719487
719553
719453
719561
719816
720094
719798
720124
719879
719548
720110
720117
719552
720042
719575
719729
719595
719747
719495
719465
720045
719455
719782
719469
720115
719570
719615
719528
720069
719488
719923
720119
719961
719593
719902
719980
719748
719725
720624
720740
720564
720528
720547
720176
720521
720730
720240
720139
720593
720285
720729
720550
720443
720225
720824
720298
720197
720530
720195
720522
720224
720299
720689
720644
720238
720424
720694
720257
720425
720331
720432
720603
720649
720441
720136
720260
720448
720174
720667
720290
720275
720566
720431
720822
720921
720989
721408
721168
721457
721489
721373
721319
721524
721564
721113
721112
721120
721487
721361
720959
721015
721249
720986
721178
721223
721007
720974
721560
721217
720873
721313
720908
721495
721101
721009
721448
720883
721492
721312
721852
721797
722181
721939
721649
721867
722272
722309
721799
722257
721862
721787
722174
722212
722115
722315
721968
721935
722317
722153
722264
722183
722276
722056
722144
721679
721905
722057
721860
721956
721927
721987
722092
722284
722210
721902
721736
721888
721828
722069
721783
721639
721957
721830
722175
721878
721762
721856
721976
722155
721781
723079
722619
722471
723028
722680
722806
722370
722848
722536
722476
722852
722911
722912
722376
722429
722473
722897
722833
722330
722524
722373
722682
722698
722355
722513
722384
722921
722827
723093
722354
723060
722920
723037
722620
722331
723044
722368
722703
722927
722361
722908
722704
722327
722381
722443
722335
722654
722829
722926
723029
722856
722899
723042
722328
722365
722744
722522
722363
722655
723039
722747
722479
723329
723159
723653
723411
723170
723558
723656
723693
723126
723770
723281
723348
723772
723181
723169
723320
723124
723103
723620
723290
723777
723758
723560
723514
723522
723321
723365
723454
723409
723574
723289
723638
723510
723520
723221
723594
723390
723587
723325
723285
723220
723185
723537
723764
723489
723461
723779
723180
723639
723491
723359
724073
723879
723926
724411
723901
724052
724130
724190
723922
724227
724051
723972
724331
724366
724107
724168
724470
724152
723959
723859
724069
724191
724279
724131
723903
724258
724457
723849
724070
724265
724074
724154
724075
724280
723936
724357
723862
723918
723808
724025
724011
724415
723904
723806
724209
724163
723865
724514
724928
724558
725052
725172
724512
725140
724867
724557
724541
724684
724899
724889
724956
724675
724957
725003
724575
724489
724791
724780
725183
724683
724549
725160
725049
724844
724520
724679
724616
724576
724890
725060
724509
724490
724581
724864
724618
725138
724582
724953
725433
725541
725264
725777
725493
725776
725548
725383
725429
725554
725913
725836
725545
725330
725544
725442
725297
725720
725592
725561
725263
725453
725378
725434
725467
725327
725443
725644
725562
725416
725845
725670
725550
725825
725285
725764
725507
725659
725826
725394
725915
725328
726593
726319
726379
726021
726394
726121
726533
726008
726107
726052
726501
726467
726392
726018
726575
726302
726055
726123
725986
726106
726037
726139
726203
726063
726609
726372
726205
726267
726026
726549
726307
726005
726030
725985
726380
726630
726066
726444
726260
726493
726028
726627
725989
726299
726067
726349
726672
726460
726014
726057
726529
726127
726454
726445
