662530
662369
662761
662329
662459
662823
662945
662851
662466
662519
662553
662458
662365
662922
662366
662375
662663
662505
662717
662936
662391
662409
662853
662568
662377
662937
662507
662909
662635
662503
663007
662947
662821
662450
662860
662419
662794
662581
662342
662340
662565
662762
662284
662701
662921
662850
662742
662425
662550
662923
662327
662813
662829
662286
662410
662412
662338
662861
662508
662679
662795
662606
663236
663057
663489
663054
663374
663137
663076
663023
663322
663387
663178
663462
663270
663674
663687
663048
663269
663247
663440
663276
663675
663171
663410
663373
663058
663497
663352
663388
663228
663584
663138
663585
663025
663149
663051
663047
663688
663325
663350
663566
663568
663170
663488
663129
663939
664096
664097
664010
663955
664138
664314
664012
664391
663697
663942
664023
664181
664400
663868
664101
663830
664089
663956
663883
664222
664191
664381
664193
663913
664112
664371
664378
664033
663949
664093
664139
663693
663822
664175
664024
663791
664144
664169
663752
664133
663983
663800
664313
663912
664372
664111
663916
663782
664170
663869
664333
664382
664192
663799
664019
663750
664401
663882
663951
664839
664766
664848
664874
664817
664460
664936
664587
664546
665074
665147
664789
665034
664520
664969
664828
664537
664672
664933
664489
665035
665066
664528
664535
664876
664937
664609
664573
664599
664818
664533
664886
664758
664847
664643
665073
665139
664564
664479
664547
665064
664824
665141
664581
664538
664482
664934
664729
664850
664987
664571
665004
664693
664531
664458
665024
664895
665323
665365
665439
665811
665855
665853
665219
665250
665663
665665
665415
665730
665350
665233
665299
665479
665205
665249
665303
665344
665533
665296
665779
665436
665555
665220
665404
665603
665254
665322
665234
665306
665834
665632
665628
665537
665810
665222
665669
665601
665243
665683
665237
665405
665403
665256
665558
665801
665677
665227
666265
666422
666092
666332
666227
666548
666331
666421
666095
666078
666538
666540
666566
665948
666508
666143
666277
666032
666299
666372
665920
665885
666155
665888
666115
666516
666443
666366
665859
666526
665905
665927
665954
665944
666568
665874
666632
665924
665895
666230
666189
665878
666099
665947
666377
666030
666521
665906
666528
666396
666237
666081
665911
666627
665875
666384
666321
666217
665886
666935
666764
666773
666771
667441
667273
667413
667033
666740
666684
667287
666721
667282
666920
667260
666762
666780
667430
667280
666801
667412
666808
667223
667233
667429
667385
667104
667167
667258
667027
666655
667440
667215
667072
667075
666797
667168
666657
667107
666781
667106
666683
666681
667283
667028
666931
666661
667278
667362
666923
667263
667122
668087
667858
667836
667589
667792
667791
667887
668188
667467
668089
668098
667727
667670
667854
667648
668095
667553
667471
667735
667742
668044
667661
667892
668017
667820
667944
667728
667885
667972
667669
667604
667643
667588
668101
667541
667799
667920
667843
668135
667844
667736
667915
667465
668142
667969
668040
668206
667901
668601
668955
668332
668837
668994
668695
668935
668755
668631
668606
668710
668646
668551
668758
668410
668680
668525
668681
668724
669002
668399
668753
668679
668891
668926
668820
668709
668473
668843
668937
668996
668725
668471
668757
668616
668556
668446
668375
669000
668481
668640
668316
668751
668693
668609
668480
668216
669659
669717
669505
669603
669175
669782
669504
669075
669081
669111
669025
669402
669483
669128
669754
669447
669164
669095
669125
669474
669168
669105
669126
669122
669097
669170
669707
669027
669200
669374
669470
669133
669072
669076
669346
669784
669383
669120
669086
669116
669199
669087
669337
669384
669240
669350
669746
669479
669239
669069
669187
669724
669357
669482
669155
669156
669727
669623
669511
669432
669661
669493
669463
669615
669338
669744
669188
669614
669289
669014
669409
669993
670086
670472
670441
670177
669955
670108
670272
669790
669851
670033
670152
669821
670007
669847
670222
669896
669884
670065
670444
670009
670469
670013
669844
669869
670117
670178
670218
670432
670187
669886
670016
669846
670339
669794
670113
669889
670165
670085
669864
670003
670341
670305
670301
669865
669948
670163
670280
670433
670008
669997
670546
670542
670972
670936
670549
670755
671092
671223
670737
671164
670570
671165
670657
670985
670630
670488
670544
670599
670601
670761
670934
670584
670655
670484
670727
670937
670789
670885
670743
671091
670778
670952
670589
670764
670774
670556
671066
670541
670486
670757
670803
671567
671251
671441
671247
671246
671615
671239
671720
671770
671259
671791
671260
671805
671888
671724
671894
671831
671447
671905
671238
671509
671721
671561
671471
671676
671733
671341
671850
671843
671572
671792
671820
671444
671836
671832
671448
671816
671678
671849
671608
671854
671907
671249
671902
671983
671979
672218
672107
672052
672567
672137
672290
672436
672026
672073
672349
672011
671932
672046
672366
672002
672123
671981
671920
672641
672293
672294
672214
672370
672169
671922
672392
672068
672453
672108
672167
672339
672008
672632
672259
672386
672257
672291
671994
672201
672202
671919
671923
672473
671942
672809
672727
672865
673252
673250
672996
672915
672916
672661
673113
672833
672831
673362
672885
672994
673151
673341
672884
673297
672907
672947
672946
673385
673360
672658
672725
673241
673287
673383
673115
672734
672909
673279
672735
673155
673176
673305
672808
673337
673302
672836
673222
673267
673329
673340
673023
673300
673273
673059
673330
672903
672901
673993
673518
673672
673420
673765
673899
673692
673953
673954
673431
673387
673955
673756
674143
674139
673625
673498
674147
673426
673622
673448
673604
673995
673462
673644
673461
674137
673669
674060
673872
673907
673519
673455
673541
674132
673766
673501
673606
673505
673620
673783
673784
673999
673920
673591
673583
673499
673613
673808
673439
674133
673877
673678
673760
673421
673626
673422
674150
673449
674715
674660
674167
674727
674493
674411
674181
674705
674735
674289
674743
674566
674487
674784
674606
674856
674190
674186
674832
674561
674244
674193
674654
674540
674728
674481
674676
674732
674491
674554
674355
674910
674718
674180
674228
674185
674889
674176
674888
674447
674597
674381
674734
674738
674778
674178
674174
674179
674454
674736
674412
674912
674299
674298
674689
674864
674557
674653
674203
674245
674966
675006
675031
675136
674955
675106
675438
675299
675052
675215
675037
675080
675207
675250
675285
675604
675515
675467
674951
675304
675647
675078
675186
675385
675608
675145
675350
675310
674944
675072
675029
675068
675382
675527
675446
675061
675105
675005
675623
675595
675283
674965
675648
675395
675089
675171
675592
675019
675624
675502
675202
675144
675241
675020
675198
675169
675521
675603
675643
674914
675187
675342
675726
675683
675938
675880
676191
676193
676256
675879
676294
676083
675916
676362
676125
676054
676055
675733
676292
675994
676124
675696
676179
676290
675758
676360
675725
676258
676012
675815
676000
675687
676158
676338
675805
676280
675926
675735
676335
675691
676071
675693
675767
675766
675732
676392
675702
676084
676157
675759
675793
676169
676310
676014
676312
675840
675784
676018
675812
675982
675740
676519
676744
676736
677019
676671
677086
676623
676589
677146
676815
676621
676422
676524
676979
676813
676973
676676
676682
676842
677087
676518
676738
676993
677070
676545
676662
676658
676956
676769
676508
676507
677020
676832
676873
676821
676754
677041
676509
677069
676596
676989
677040
676814
676962
676547
676512
676514
676476
676841
677518
677325
677487
677745
677820
677201
677352
677789
677210
677625
677548
677429
677337
677359
677340
677377
677249
677550
677209
677312
677467
677427
677349
677360
677614
677619
677676
677290
677721
677762
677202
677398
677697
677341
677776
677180
677446
677456
677734
677732
677463
677543
677800
677719
677576
677362
677798
677432
677578
677327
677315
677448
677594
677178
677458
678451
678113
678162
678198
678091
678406
678407
678442
678473
678224
678486
678052
678485
677928
678528
678187
677933
678328
678244
678197
678413
678047
677956
678136
678046
678283
678281
678311
678457
677941
678068
678252
678441
678013
677930
678474
678067
678364
678455
678115
678531
677907
677906
678738
678572
678951
678895
678990
678910
678569
678625
678590
678603
678983
679009
679036
679177
678886
679188
678857
678589
678793
679233
678695
678697
678746
678741
679113
678977
678780
679211
678905
678978
679120
678790
678901
678554
678803
678917
679179
678809
679111
679160
679290
679187
678661
679133
678814
678860
678771
679158
679112
678770
678885
678926
678662
679007
679292
679109
679235
678775
679263
678605
679270
678820
678696
678747
679119
679776
679571
679944
679683
679400
679724
679445
679419
679428
679887
679518
679552
679633
679672
679326
679628
679408
679517
679659
679516
679427
679625
679313
679491
679446
679775
679600
679481
679358
679687
679394
679315
679652
679697
679643
679572
679692
679502
679617
679749
679650
679401
679468
679337
679335
679310
679438
679673
679990
679636
679551
679396
679684
679721
679341
679416
679738
679987
679352
679889
679943
679309
679688
679460
679456
679831
679695
679317
679492
679618
679561
680086
680052
680686
680384
680196
680197
680385
680314
680528
680577
680180
680638
680253
680251
680705
680380
680321
680341
680694
680343
680685
680527
680095
680289
680235
680300
680639
680146
680238
680681
680042
680693
680234
680053
680370
680022
680282
680518
680584
680598
680675
680619
680107
680177
680699
680596
680402
680273
681380
681210
681079
681335
680995
681400
681135
681137
681194
681401
680992
680771
681247
680910
680911
680922
681071
681275
681111
681150
681369
680908
681420
681416
680763
681421
681445
681447
680984
681336
680996
681341
681392
680822
681228
681272
680722
681389
681122
680924
681119
681188
681443
681203
681429
681092
681333
681089
681417
681339
680721
681266
681631
682055
682045
682015
682131
682062
682084
682006
682173
681610
681608
682172
681799
681890
681626
682082
682014
681546
681459
682013
681675
681490
681779
681488
681944
681677
682162
681619
681649
681613
681852
681891
681498
681895
681486
682071
681655
681612
681849
681928
681814
681813
682128
681945
682060
682058
682004
681630
681593
681525
681942
682804
682881
682625
682398
682879
682239
682357
682488
682718
682493
682669
682383
682417
682849
682938
682451
682412
682249
682500
682753
682897
682511
682358
682392
682243
682397
682695
682579
682547
682609
682693
682570
682899
682251
682501
682719
682741
682743
682268
682576
682617
682755
682875
682618
682564
682836
682420
682262
682359
682443
682377
682704
682846
682941
682247
682360
682750
682431
682803
683432
683626
683199
682984
683387
683192
682996
683558
683505
682998
683276
683002
683300
683173
683171
683258
683205
683520
683141
683060
683430
683019
683269
683434
683457
683281
683083
683206
683068
683253
683020
682993
682988
683627
683169
683085
683557
683519
683015
683616
683377
682994
683456
683615
683214
683469
683526
682948
683070
683175
683234
683204
683506
683135
683915
683738
684250
684183
684038
683779
684037
683676
684130
683775
683896
683982
683973
684275
683751
683670
684242
683777
683893
684284
683911
684314
683979
683684
683928
683927
684124
684271
683671
683917
683913
683910
683694
684189
683758
684225
683757
683668
683981
684119
684125
684263
684135
684104
684102
683749
684013
683940
684315
684153
683920
683833
683961
684274
683747
684081
683894
683835
683740
683813
683710
683698
684048
683754
684043
684241
684072
684004
684761
684397
684448
684628
684926
684449
684348
684400
684840
685000
684579
684748
684413
684375
684373
684823
684557
685076
684642
684554
684370
684750
684635
684322
684843
684747
684908
684626
684924
684928
684834
684521
684346
684350
684901
684355
684424
684867
684613
684625
684866
684739
684357
684855
684939
684938
684921
684549
684900
684621
684520
684896
684897
684826
684337
684354
684645
684752
684751
685081
684913
684915
684905
684459
685359
685443
685181
685439
685684
685609
685403
685346
685271
685242
685720
685206
685434
685723
685376
685528
685734
685638
685188
685816
685482
685203
685169
685243
685200
685292
685287
685486
685291
685344
685402
685656
685268
685232
685724
685511
685168
685166
685725
685457
685189
685484
685444
685498
685390
685817
685681
685209
685487
685635
685510
685595
686250
685969
686548
685891
685857
685993
686413
685869
686421
685849
686568
685918
686435
686437
686353
686007
685963
686429
686310
686157
685870
686184
686169
686033
686412
686444
686035
686114
686201
686387
686386
686354
686131
686189
686225
686110
686190
686511
686260
686577
686572
685962
685973
686352
686037
686231
686338
686271
685894
686192
687250
686933
686957
687207
686865
687205
686938
686676
686763
686789
687297
687103
686969
687268
686940
686713
686668
686602
687269
687248
687252
686828
687257
686999
687095
686964
686832
686793
686871
686827
686881
687098
686592
686844
686992
686989
686874
686932
686805
686864
686629
687298
687056
686729
686661
686660
687054
686799
687176
686712
686761
687170
687093
687902
687934
687564
687516
687563
687905
687586
687613
687946
687398
687817
687700
687738
687740
687935
687340
687396
687859
687863
687903
687426
687675
687518
687656
687767
688029
687639
688012
687644
687345
687701
687948
687622
687964
687585
687403
687769
687319
688020
687425
687772
687437
687402
687321
687624
687392
688014
687356
687673
687725
687657
688124
688548
688788
688566
688125
688785
688299
688240
688072
688494
688764
688374
688404
688050
688492
688293
688078
688202
688372
688063
688120
688122
688083
688136
688057
688236
688149
688192
688617
688574
688289
688085
688109
688471
688276
688556
688772
688557
688367
688065
688296
688319
688167
688048
688101
688572
688613
688193
688604
688151
688290
688608
689015
688885
689032
688872
689037
689285
689081
689076
689312
689392
689207
688920
689303
689012
688922
688942
689219
688964
689356
688842
689304
689463
689541
689188
689034
689021
689403
689217
689020
688886
689178
688991
689318
689112
688811
689204
689280
689246
689520
689085
689290
689286
689087
689291
689462
688843
689397
689223
689212
688965
689174
689522
689525
689038
689564
688809
688989
689093
689083
689539
689638
689668
689959
689961
689841
689974
689907
689699
689574
689797
689856
689873
690147
689670
689640
689894
689828
689893
690098
689875
690289
690246
690221
689973
689858
689707
689964
690183
689920
689697
689918
689958
689732
690149
689700
690055
690054
690020
690273
689900
689618
690060
689735
689648
689634
690276
689886
690247
690184
689650
689926
690220
689795
690981
690312
690341
690732
690582
690538
690453
690329
690544
690542
691069
690401
690326
690592
691004
690605
691002
690753
690978
690332
690334
690496
690606
690347
690493
690376
690346
690670
690909
690756
690985
691068
690440
690706
690328
690614
690292
690709
690593
690650
690295
690578
690615
690452
690534
690733
690342
690982
690311
690765
690974
690972
690333
691048
690338
690404
690754
690864
690902
690710
690672
690336
690439
690888
690654
690575
690397
690910
690368
691062
690967
691352
691793
691105
691137
691133
691221
691194
691604
691506
691212
691267
691533
691083
691268
691168
691080
691311
691127
691156
691474
691201
691290
691165
691200
691155
691503
691686
691315
691341
691529
691174
691142
691108
691674
691778
691806
691283
691211
691396
691280
691111
691175
691076
691805
691447
691097
691113
691351
691262
691222
691548
691422
691336
691140
691605
691760
691289
691095
691704
691702
692120
692124
692316
692506
692194
692223
692142
692536
692585
692056
692442
692249
692054
692050
692059
692443
691988
691958
692425
692424
692122
692004
692126
692005
691849
692333
692310
691864
692314
692505
692374
692370
692526
692537
692253
692395
692093
692441
692023
692221
692020
692115
692064
692017
692435
692141
691861
692042
692517
692590
692234
692524
691959
692344
693166
693125
692855
693213
693345
693267
692633
693191
693268
692771
692898
692599
692769
693200
693127
692593
693116
693347
692663
693155
692864
692867
692675
692798
692753
693245
692634
693043
693279
693031
692734
692854
693126
692988
693297
692942
693045
693214
693298
693093
692903
692661
693318
693317
692757
692862
692826
693066
693025
693029
692989
693278
693932
693581
693387
693656
693616
693771
693724
693678
693845
693691
693772
693447
693978
693980
693577
693809
693844
693437
693687
693780
693807
693741
693618
693373
693565
693560
693405
693594
693589
693571
693979
693462
693569
693746
693399
693637
693438
694288
694322
694283
694166
694270
693995
694054
694038
694732
694304
694255
693991
694240
694035
694190
694508
694063
694573
694167
694119
694246
694171
694699
694242
694237
694233
694284
694487
694488
694683
694047
694516
694103
694441
694108
694195
694621
694176
694121
694290
694307
694533
693992
694312
694628
694623
695181
694813
695059
694770
695098
694865
695334
695032
694762
695327
695287
694781
695161
695057
695168
695453
695454
695198
694848
695388
695286
695305
694763
695183
694845
695332
695061
694946
694742
695322
694741
695345
694949
695047
695099
694922
695169
695367
694825
695094
695097
694935
694944
695026
695437
694977
695296
694823
695389
695160
694778
694780
695336
695394
695051
694917
694804
694772
694976
696115
696013
696032
696000
695647
696077
695657
695638
695472
695527
695591
696058
695681
695766
695761
695705
695486
695639
696091
695915
695884
695788
696086
695682
695592
695693
695563
695768
696141
695483
695762
696031
695701
696133
695700
695633
695480
695481
695874
696073
696114
695487
695526
696074
696130
695501
695814
695632
695958
695913
695493
696119
695689
696122
696239
696152
696839
696577
696840
696472
696760
696330
696851
696805
696560
696475
696600
696870
696233
696561
696849
696744
696464
696331
696798
696258
696761
696289
696859
696716
696796
696467
696395
696672
696582
696427
696342
696802
696749
696700
696149
696602
696872
696677
696632
696456
696375
696927
697489
697351
697029
696884
697016
696880
696980
697323
697471
697468
697428
697324
696978
697388
697608
697259
697594
697077
697404
697033
697488
697492
696888
697596
696917
697260
697376
697011
697639
697637
697607
697370
697513
697374
697243
696879
697012
696925
697371
697192
697030
697034
697341
698219
697829
697659
698328
698001
698004
698389
697842
697817
698225
698281
698377
697947
698310
698096
698282
698384
698390
697730
698203
698296
698028
697905
697660
697836
698221
698355
698172
697831
697826
698116
697876
697874
698113
698381
697898
698022
697650
698226
697768
697669
698021
698137
697670
697649
698097
697818
697652
698354
698379
698180
697879
697657
698297
697867
697878
697727
698673
698415
698413
698639
698449
698444
698894
698707
698813
698404
698859
699105
698623
698784
698547
699076
698410
698860
698709
698806
699120
698661
698555
698633
698834
698947
698674
698990
698532
698575
698659
698583
698585
698405
698403
698630
699133
698736
699135
699037
699121
698562
698536
698869
698734
698785
698686
698861
698646
698481
699051
698989
699677
699523
699480
699822
699194
699271
699245
699811
699589
699383
699580
699213
699515
699769
699676
699824
699460
699278
699178
699522
699807
699484
699259
699781
699445
699372
699276
699386
699921
699856
699582
699559
699422
699477
699419
699170
699770
699526
699208
699238
699810
699439
699443
699783
699712
699784
699454
699283
699832
699867
699284
699924
700024
700286
700366
700362
700326
700084
700114
699944
700155
700452
700066
700067
700476
700706
700702
699966
699965
700592
700169
700409
700120
699996
700475
700176
700181
700612
700208
700016
700245
700017
700086
700116
700325
700340
700244
699947
700071
700454
699946
700480
700464
700323
700465
700000
700549
700006
700629
700186
700261
700008
700524
700341
700070
700484
700104
700591
700433
700274
700408
700550
700479
700613
701307
701158
701352
701300
700890
700928
700978
700865
701358
700732
701302
701246
701356
701188
701054
700985
701065
701291
700740
701182
701345
701384
701181
701371
701309
700771
700714
700930
701020
701075
701299
700951
700892
701106
701107
700772
701289
701288
701067
701099
701108
701185
701327
700810
700989
700866
701341
701326
701290
700807
701176
700982
701770
701420
701533
701832
701586
702006
702040
701474
701741
701673
701732
701916
701865
701870
702062
701960
701776
701493
701720
701470
701972
701793
701962
702027
701473
701880
701489
701831
701490
701918
701982
701787
701578
701477
701974
702025
701662
701877
702114
702331
702103
702714
702203
702793
702791
702515
702240
702777
702132
702358
702737
702192
702464
702529
702268
702094
702472
702476
702774
702551
702799
702183
702350
702324
702811
702673
702245
702509
702678
702674
702241
702336
702330
702191
702558
702100
702727
702651
702653
702347
702646
702647
702724
702471
702552
702725
702487
702486
702335
702739
702713
702549
702113
702528
702407
703152
703413
702861
703285
702915
703283
703502
702912
703472
702838
702872
703121
702853
703331
703233
703435
702839
702876
703417
703115
702987
703378
702964
702855
703377
703245
703471
703318
702943
702908
703277
703175
703364
702862
702914
703162
703229
702893
703256
703436
703319
702992
702873
702999
703925
703998
704023
703581
704229
704091
704093
704030
703646
703872
703595
703708
704015
704084
703735
703605
703889
703729
703525
703738
704085
704014
703707
704230
703602
703607
704016
703803
704144
703600
703544
703576
704145
703871
703728
703837
704247
703709
703610
703680
703679
703593
704245
703615
703792
703767
703532
703841
704824
704789
704267
704334
704852
704898
704800
704350
704570
704320
704762
704519
704617
704819
704818
704311
704460
704899
704299
704883
704336
704755
704512
704644
704328
704815
704630
704520
704543
704325
704576
704425
704368
704544
704854
704577
704506
704702
704669
704648
704785
704402
704459
704814
705335
705175
704910
704958
705259
705621
705640
705363
705057
705105
705202
705445
705361
705194
704922
705641
705143
705237
705274
705675
705502
705074
705251
705170
704999
705086
705649
705599
704996
705095
705406
705601
704919
705201
705362
705092
704948
704947
705469
705644
705197
705575
704927
705144
705225
705075
704909
705578
704920
705131
705371
705674
705526
704960
705410
705115
705104
705303
705169
705615
705252
705467
705247
705174
705332
705616
705292
706055
706080
706237
706266
705811
705934
706192
705879
706054
706356
706218
705883
706049
706154
705873
706217
706195
705741
705936
706198
706265
705921
706052
706320
706110
706316
706168
706193
705712
705848
705817
705765
705764
706023
706211
706090
705740
705906
706332
706074
705920
706225
706172
706166
706228
705715
705818
706224
705747
707021
707019
706618
707081
706614
706363
706849
706519
707004
706439
706624
706625
706703
707028
706705
707027
706711
706506
706950
706535
706489
706612
706525
706858
706799
706731
707008
706818
706820
706450
706475
706399
706756
706444
706518
706737
706416
706487
706795
706476
706390
706531
706361
706951
707671
707091
707261
707093
707636
707862
707763
707755
707127
707188
707594
707561
707617
707248
707873
707733
707250
707295
707707
707351
707851
707240
707128
707812
707560
707721
707305
707115
707385
707779
707672
707875
707293
707496
707562
707738
707237
707356
707352
707729
707210
707622
707494
707243
707781
707593
707564
707654
707313
707846
707311
707811
707717
707306
707644
707264
707852
708194
708280
707992
708233
707935
707931
708348
708062
708654
708307
708147
708653
708584
707927
708511
708599
707943
708063
708232
707893
708195
708155
707964
707934
707963
708046
708591
707976
708175
708505
707940
708598
707897
708281
709060
708703
708658
708702
709051
709335
709265
708953
709172
709030
709396
709213
708698
709176
708982
709319
708874
709262
709062
708893
708700
709349
708776
709346
709045
708852
708676
708661
708794
709156
708723
708848
708792
708668
708904
709158
709029
708905
709350
709315
708774
709012
709042
709314
708921
708670
708919
709337
708675
709068
708815
708814
709189
709680
709522
709462
710149
709558
709946
709833
710005
709739
709888
709542
710054
709570
709644
709762
709564
709445
710157
710086
710056
709521
709682
709483
709464
709863
709942
709971
709675
709677
709636
709832
709751
709511
709435
710029
709956
710011
710000
709565
709482
709732
710026
709621
710015
709557
709515
710087
710113
709809
709638
710534
710373
710520
710166
710336
710711
710165
710738
710183
710374
710790
710259
710159
710739
710648
710801
710179
710507
710369
710167
710640
710799
710323
710260
710291
710160
710521
710644
710324
710244
710844
710538
710314
710595
710838
710300
710356
710385
710684
710245
710855
710856
710864
710793
710619
710293
710794
711006
711058
711413
711204
710918
710924
711509
711511
711256
711072
711485
711579
711305
711341
711431
710956
710983
710886
711033
711410
711203
711041
710905
711258
711138
711381
711124
710873
711125
711453
710872
711227
710876
711103
710988
710879
710881
711061
711342
711514
711069
711133
711430
710916
711337
711067
711487
710940
711001
711454
710987
710893
711409
711641
711914
711978
711763
712271
711680
711845
711902
712108
712001
711764
712246
712347
711618
712311
711605
712286
711716
712002
711905
711752
711620
711860
711668
711713
711772
711896
712059
712344
711695
711665
711912
711611
711956
711903
711841
711840
711836
712245
712260
712261
712212
711882
711839
712180
712285
712181
711959
711609
711584
711967
711632
712314
711975
712658
712563
712414
712473
712512
712865
712684
712638
712978
713089
712608
712391
712607
712601
712829
712641
712561
712964
712962
712496
712734
712616
712588
712776
712600
712976
712894
713010
712550
713023
712635
712911
712833
712974
712972
712644
712848
712513
712474
712830
712870
712492
713090
712537
712680
713047
713037
712392
712960
712801
713036
712553
712640
713051
712856
713009
712914
712835
712672
712983
713058
713053
712488
712487
713295
713390
713612
713608
713380
713394
713683
713457
713400
713391
713240
713096
713744
713850
713572
713444
713742
713738
713440
713337
713774
713382
713722
713375
713485
713820
713584
713366
713533
713561
713190
713794
713781
713456
713298
713841
713336
713792
713783
713748
713357
713239
713445
713763
713762
714089
714235
713919
713891
713966
714484
714479
714234
714330
714207
714005
714440
714410
714266
714551
714334
713951
713971
714051
714321
714396
714335
714077
714521
714139
714444
714581
714146
714534
714318
714533
713897
714411
714058
713874
714084
713890
714079
714333
714137
714472
714270
714064
714477
714042
714046
714322
714056
713877
713952
714214
714552
714356
714026
713898
714107
714050
714228
714073
714726
715225
714923
714660
714909
715226
715060
714670
714794
715165
715006
715115
715052
715000
714662
714818
715148
714765
714845
715233
714953
714910
714689
714789
714696
714961
715065
714785
715002
714806
715091
714687
715257
715068
714797
714788
715213
714904
714902
714663
715053
714821
714843
714937
715235
714938
714767
715810
715775
715582
715885
715425
715707
715489
715768
715902
715604
715334
715977
715319
715976
715271
715790
715908
715437
715767
715337
715483
715413
715426
716016
715544
715548
715541
715581
715439
715791
715488
715862
715811
715484
715564
715787
715782
715395
715377
715874
715566
715799
715361
715508
715317
715838
715321
715771
715916
715917
715987
715412
716044
716429
716114
716155
716463
716110
716080
716058
716393
716094
716197
716572
716358
716391
716647
716277
716574
716239
716093
716135
716043
716713
716112
716457
716498
716074
716126
716576
716195
716145
716240
716150
716154
716244
716032
716352
716495
716470
716148
716541
716465
716359
716472
716555
716053
716540
716107
716679
716292
717082
716893
717369
717267
717149
717311
717321
716769
717313
717448
717208
716989
717214
717453
717150
717043
717070
716814
716750
717107
716905
717294
716918
716850
717375
716837
717376
716763
716777
717154
716907
716829
717182
717187
717424
716782
716887
716754
717003
716797
717263
716851
717307
716765
717434
717209
717320
716790
717073
717183
716873
716871
717291
717432
717463
716767
716725
716760
716798
717430
717314
717328
716894
717675
718002
717546
717604
717699
718029
717943
718091
717721
717722
717761
718053
717528
718025
718089
717571
717753
717484
718141
718062
717524
717598
717613
717872
718109
717785
717884
717915
717581
717903
717955
717547
717574
717617
717622
717606
718131
718132
717678
717615
717575
717600
717597
717883
717920
717880
717953
717786
718026
717523
717857
717696
717663
717933
717483
717580
718831
718261
718419
718324
718231
718474
718341
718288
718611
718180
718283
718312
718516
718168
718281
718684
718720
718618
718378
718488
718421
718457
718719
718548
718613
718329
718505
718830
718407
718682
718184
718713
718619
718515
718674
718476
718659
718271
718272
718149
718285
718470
718173
718471
718334
718178
718776
718169
718375
718589
718344
718520
718590
718686
718545
718508
718276
718278
718644
718409
718634
718458
718491
718711
718290
719517
719270
719064
718951
719447
719150
719411
719451
719355
718969
719006
719033
719154
718843
718967
719134
718999
719538
718913
719126
718856
719454
719114
719148
719221
719450
719544
718849
719188
718878
719036
719478
718903
719160
719281
718864
718909
719350
718858
719419
719351
719455
719125
719161
719130
719280
719241
719068
719446
719545
719238
719067
719516
719880
719908
720324
719922
719669
719588
720340
720342
720301
719745
720228
720303
720008
720230
720244
719632
719779
719977
719616
719790
720321
720220
720215
720313
719683
719951
719727
720224
719881
719775
719734
720276
719904
719879
719936
719742
719705
719935
719670
719813
719636
720051
720192
719978
719607
719901
719590
719655
720311
720049
719796
719898
719751
720653
720939
720643
720804
720633
721029
720589
721034
720574
720432
720561
720887
720390
720587
720698
720889
721010
720639
720868
720821
720379
721116
720635
720389
720654
720386
720811
721030
720460
720533
720626
720940
720625
720530
720577
720406
721095
721035
720805
720701
720983
721015
721287
721579
721450
721730
721165
721277
721691
721139
721137
721534
721364
721773
721771
721437
721295
721647
721774
721251
721635
721722
721728
721736
721578
721626
721286
721715
721400
721169
721222
721510
721511
721592
721308
721455
721597
721402
721653
721811
721486
721700
721621
721707
721294
722508
721863
722239
722437
722055
722456
722577
721970
722405
721880
721943
722478
722555
722194
722047
722191
722590
722122
722486
722461
722088
721917
722066
721914
722171
722022
722458
722376
722509
721867
721983
722440
722304
722007
722166
722056
721940
722028
722594
722488
722065
722179
722481
722152
722062
721881
722576
722420
722024
722036
722447
722253
722048
721972
722794
722784
723280
722820
722873
722714
723232
723329
722866
722760
722758
723234
723322
722847
723262
723056
722871
723309
723335
723115
723349
723034
723030
723086
723343
722797
723002
723325
723310
722904
723221
722727
723156
722698
723227
722902
722903
723257
723362
723218
723334
723087
723330
722757
723243
723287
723099
723216
722846
722819
723059
723133
722806
722716
724015
723808
723515
723913
723982
723872
724062
723421
723477
723643
723461
723815
723587
723596
724053
723459
723751
723752
724089
723876
724036
724072
724090
723502
723497
723426
724016
723476
723655
723902
723930
723558
723931
723784
723789
723842
723900
723837
724080
724035
723824
723951
724054
723877
724662
724653
724129
724187
724143
724689
724269
724180
724825
724311
724824
724359
724333
724550
724345
724681
724149
724291
724252
724284
724714
724820
724521
724150
724737
724211
724146
724278
724147
724358
724742
724380
724379
724713
724652
724174
724759
724688
724637
724335
724578
724194
724577
724314
724545
724520
724821
724504
724807
724270
724635
724748
724144
724200
724655
724815
724190
724277
724553
724850
724176
724679
724290
724680
724814
724776
724777
725452
725284
724930
725572
725319
725570
725306
725530
724919
725207
724940
725318
725204
725038
725348
725004
725323
725578
725459
724924
725272
725310
725303
725024
725571
724936
724958
725455
725274
725020
725264
725000
725449
725014
725288
725529
724913
725581
725043
725266
725008
724933
725311
724964
725457
725401
725950
725954
725922
725959
726209
726068
725940
726007
726273
725638
726162
725981
725782
725847
725783
725973
725616
725983
725640
726200
725902
725604
725845
726164
726112
726132
726000
725921
725976
725651
725924
726171
726100
725985
726025
725661
726154
725930
725606
726150
725679
725586
725756
726109
726011
725755
725988
725899
726344
726014
725937
725656
725619
726217
725926
725961
726178
725710
726143
726142
726851
727004
726728
726702
726378
726726
726859
726347
726349
726519
726384
726719
726469
726781
727059
726660
726852
727042
727043
726390
726770
726779
726494
726490
726391
726352
726522
726721
726371
726889
726724
726374
726705
726940
726934
726722
726860
726351
726931
726715
726691
726466
727527
727824
727463
727784
727836
727687
727685
727786
727194
727308
727444
727155
727157
727121
727830
727116
727465
727427
727394
727143
727180
727400
727093
727193
727670
727080
727250
727773
727084
727490
727224
727240
727566
727095
727524
727564
727226
727259
727703
727228
727258
727142
727799
727239
727781
727489
727706
727568
727798
727175
727242
728236
728269
728110
728395
728149
728059
728153
728129
728464
728204
728508
727985
728097
728348
728536
727896
728554
728394
727987
728055
728382
728104
728231
727939
728539
728242
728482
728481
728225
728087
728337
728128
728512
728507
727983
728239
728335
728175
727897
728085
728947
729200
728704
728962
728958
729108
729181
728770
729187
728878
729175
728835
729114
729266
728853
729294
728813
728875
729178
729037
728904
728639
728576
728739
728781
728740
728872
728763
729171
728741
728784
728833
729021
728938
729210
728629
728877
728557
729038
728579
728859
728857
728742
728635
729089
729173
728914
728830
729243
728940
729212
729885
729719
729746
729339
729868
729453
729865
729486
729934
729783
729986
729538
729725
729816
730020
730015
729333
729711
730029
729726
729565
729954
729350
729769
729926
730044
729520
729326
729760
729874
729484
729981
729608
729925
729697
729832
729979
730048
730052
729347
729316
729936
729322
729318
729743
729814
729471
729470
729513
729602
729884
729315
730033
730028
729744
729402
729372
729455
729659
729878
729817
730014
729721
729679
730050
729772
729831
729344
730759
730356
730176
730472
730090
730537
730678
730676
730145
730552
730391
730064
730557
730654
730277
730172
730522
730794
730247
730517
730241
730671
730113
730803
730739
730441
730364
730110
730669
730344
730602
730762
730704
730539
730393
730219
730388
730082
730216
730218
730475
730230
730454
730663
730063
730466
730666
730236
730518
730278
730738
730345
730556
730462
730605
730703
730621
730725
730446
730287
730727
730615
730161
730642
730641
730804
730114
730231
730061
730080
730758
730455
731365
731176
731124
731164
730850
731444
731217
731002
731193
731496
731304
730993
731019
731426
731333
730824
731178
731025
731518
730976
730864
730949
731435
731112
730939
731284
731331
731189
730938
731366
731313
731335
731303
731165
730959
731453
731005
731427
730995
730897
730856
731497
731434
730888
731454
730977
730818
730889
732328
731844
732061
732221
731715
731745
731716
732265
732215
732098
732137
732138
731782
731988
731664
732200
731618
731919
732173
731617
731747
732332
732021
731894
731962
731981
731531
731701
732038
731861
732033
732322
732315
731590
731860
731724
732022
732264
732230
731612
731532
731821
732233
732182
731840
731817
731893
732473
732702
732882
732948
732915
732667
732955
732723
732776
732379
732994
732696
733030
732540
733033
732956
732695
732493
732441
732339
732858
732470
732939
732926
732640
732443
732922
732960
732856
732365
732715
732852
732666
732714
732364
732831
732991
732458
732683
732684
732900
732721
732928
732642
733027
732920
732701
732515
732898
733106
733301
733513
733680
733309
733512
733636
733291
733638
733725
733060
733324
733112
733069
733596
733484
733099
733322
733689
733678
733326
733406
733189
733511
733298
733396
733220
733610
733121
733428
733724
733694
733418
733423
733094
733416
733426
733398
733317
733401
733686
733319
733409
733606
733605
733098
733421
733048
733311
733123
733595
733366
733077
733420
734242
733806
734093
734429
734105
733775
733995
733830
734161
734121
734265
734207
734240
734205
734267
733940
734301
733913
733996
733777
734152
733776
734100
734106
734244
733770
733939
733905
734284
734009
734391
733947
733946
733791
733903
733898
733803
734120
734218
733885
734162
734117
734116
734385
734236
734371
733826
734390
733912
733792
734299
733853
734300
733768
734510
734593
734607
734987
734537
734986
734610
734843
734821
734964
735144
734445
734780
734906
735161
734834
734838
734752
734785
734668
734863
735168
735169
734538
734754
734759
734650
735028
735029
734646
734555
734844
734570
734671
734442
735159
734768
735137
734790
735129
734441
735119
734529
734786
735118
735049
734905
735047
734829
734526
735130
734546
734792
734446
734835
734767
734978
735138
734569
734971
734916
734755
734497
735760
735243
735843
735299
735300
735826
735817
735434
735665
735318
735821
735193
735486
735671
735215
735533
735232
735472
735367
735390
735801
735705
735198
735648
735414
735411
735473
735803
735230
735329
735194
735646
735900
735366
735246
735893
735698
735560
735625
735487
735355
735216
735807
735802
735557
735202
735529
735745
735566
735564
735534
735227
735352
735901
735828
