662736
662560
662900
662562
662289
662296
662745
662476
662436
662838
662439
662894
662711
662294
662963
662600
662818
662428
662614
662940
662837
662575
662305
662610
662319
662561
662536
662906
662623
662753
662546
662712
662511
662755
662516
662543
662298
662584
662907
662478
662898
662657
662307
662312
663128
663265
663441
663068
663135
663198
663282
663161
663654
663120
663340
663619
663232
663603
663620
663466
663601
663121
663204
663594
663280
663286
663659
663212
663631
663071
663465
663638
663512
663511
663427
663559
663364
663680
663263
663353
663164
663349
663444
663186
663188
663679
663593
663314
663629
663327
663221
663416
663412
663069
663669
663954
664290
664162
663835
663849
663766
663714
664349
663862
664208
664275
664317
663768
664079
663817
663837
663957
663810
663710
664310
664265
663774
663744
663896
664158
664216
664308
664271
663758
664241
663861
664243
663934
664148
663761
664150
663903
663756
663852
663936
663971
664113
663807
664347
663742
664266
664085
664834
664652
664683
664415
665002
665040
664958
665151
665091
665046
665039
664699
664487
664446
664793
664522
664542
665150
664945
665010
664739
664498
665156
665108
664650
664682
664426
664941
664942
665110
664499
664692
664801
664724
664544
664430
664954
664447
664738
664516
664903
664926
664725
664580
664483
664780
664438
665105
665119
664565
664427
664948
664567
664946
665102
665319
665265
665452
665422
665393
665496
665384
665585
665688
665460
665426
665456
665499
665200
665178
665754
665764
665467
665386
665579
665553
665523
665492
665450
665829
665634
665184
665315
665447
665359
665839
665651
665455
665581
665586
665836
665753
665510
665442
665444
665290
665481
665202
665230
665267
665370
666004
665870
665868
666048
666040
666010
666157
666262
666147
666308
665965
666159
666117
666465
666490
665976
665981
666409
666075
666380
666001
666378
666575
666026
666447
666259
666130
666210
666208
666211
665974
666255
666084
666131
666043
666009
666013
666433
666469
666000
666212
666007
666019
666597
666495
666309
666028
666223
666057
666021
666311
666355
666605
666254
666129
666431
666045
666015
667237
667015
667197
666812
666729
667389
667226
666716
667117
667068
666810
666908
667208
666751
666731
666890
667352
666679
666857
666999
667051
667198
667315
666892
667420
667016
666718
666748
667245
667055
667368
666743
667305
667069
666842
667218
666828
666835
667338
667203
666997
666868
666871
667173
667353
666837
667024
667391
667239
667336
666726
666727
667081
666674
667004
667119
667052
667210
667008
667622
668032
668170
668197
668051
668001
667640
667714
667638
667593
667910
667697
667493
667617
667715
667853
668047
667592
667798
667636
667475
667546
668054
667506
668196
667575
668109
667658
668016
668081
667947
667693
667613
668169
668070
667539
668056
667870
667488
668046
668036
667949
667507
667842
667975
667651
667655
667802
667576
667477
667723
668191
667839
667502
668192
667974
668111
667865
667989
668084
667695
668413
668895
668530
668325
668490
668912
668962
668908
668610
668903
668741
668308
668239
668587
668382
668519
668584
668851
668253
668248
668566
668674
668923
668582
668736
668767
668217
668665
668871
668234
668370
668830
668960
668440
668258
668972
668638
668454
668973
668690
668586
668269
668829
668932
668928
668362
668390
668433
668518
668238
668894
668771
668391
668636
668669
668349
668768
668802
668808
668241
668415
668660
668590
668235
668542
668782
668569
668453
668487
668931
668529
668930
668739
669428
669011
669530
669712
669611
669521
669344
669195
669710
669763
669053
669106
669022
669579
669100
669263
669264
669034
669686
669641
669225
669638
669522
669314
669109
669035
669318
669567
669055
669765
669531
669610
669429
669277
669276
669021
669061
669056
669101
669452
669684
669369
669971
670292
670096
669901
670183
670260
670056
669936
669852
670368
669953
670070
670136
670026
670088
670331
670090
669854
670101
670403
670364
670318
669943
670363
670142
670050
670105
669979
669899
669830
669992
670346
670061
669832
670367
670098
670328
670379
670343
669893
670406
670092
669892
670372
670069
670159
670028
669970
670323
670840
671025
670627
671110
670515
670592
671132
670870
670982
670596
670685
670573
670832
671121
670912
670638
670587
671011
671095
670619
670842
670612
671218
670921
670645
670558
671112
670613
670964
671101
670512
670856
670511
670497
670994
670577
671179
670839
670786
671177
670609
670647
671012
670491
670617
671124
670848
671042
671098
671104
670730
670518
671033
670920
670500
671007
670505
670639
670993
670837
670690
671188
671032
671076
671139
671268
671682
671483
671450
671481
671716
671469
671642
671297
671559
671754
671373
671491
671322
671680
671457
671737
671390
671288
671318
671586
671662
671463
671743
671331
671580
671553
671333
671684
671568
671231
671811
671715
671589
671334
671672
671308
671558
671635
671670
671369
671377
671330
671479
671753
671275
671498
671541
671406
671782
671402
671306
671809
671488
671742
671858
672329
672625
672579
672404
672403
671951
672210
672397
672301
672144
672195
672235
671929
672145
672611
671971
672425
672112
672299
672142
672111
672176
672508
672498
672284
672470
672335
672581
672582
671949
672636
672363
672250
672248
672078
672199
672638
672578
672306
672044
672592
672179
671928
672395
672626
671968
672261
672507
672118
672120
672230
672228
672149
672042
672536
672171
671948
672243
672172
672362
672460
672722
672678
672849
672669
673013
673230
673081
672719
672720
673223
672733
673020
672670
673055
672741
672998
672936
672690
672811
672676
672713
673313
672821
673203
673079
673108
673381
673321
673189
672874
672764
672704
673086
673190
673051
672848
672745
672877
673088
672766
673004
672706
673152
673045
672791
672999
673014
673110
673198
673018
672773
673091
672812
672740
672931
673832
673695
673750
673727
673831
674123
673512
673734
673863
674035
673457
673811
673651
673794
673700
674078
674096
674104
674122
673711
673834
673630
674024
673881
674023
673631
673817
673635
673710
674111
673558
673552
673816
673929
674089
673927
674087
673704
674005
673948
673445
674085
674131
674045
673573
674047
674066
673821
674083
674079
674129
673702
673946
674077
673549
674067
674037
674010
673508
674266
674371
674836
674307
674810
674383
674544
674350
674267
674753
674216
674612
674218
674455
674314
674879
674878
674575
674751
674838
674204
674586
674308
674587
674212
674577
674611
674423
674499
674533
674712
674436
674668
674749
674437
674370
674158
674603
674528
674315
674160
674213
674294
674522
674500
674579
674432
674198
675416
675229
675122
674981
675217
675484
674949
675048
674964
675517
675497
675642
675012
674968
675028
675568
675598
675543
675120
675259
675389
675451
674925
675377
675463
675567
675336
675148
675075
675123
675469
675313
674989
675545
675113
674991
675016
675222
675470
675617
675615
675321
675084
675265
675261
675904
676162
676094
676167
676353
676050
675709
676188
676184
675918
675961
676057
675923
676185
676127
676111
675796
675860
675831
675770
676182
675670
676128
676388
676092
676324
675867
676238
676385
676017
676203
676138
676163
676189
675971
675988
675738
675869
676304
676345
675856
675872
676346
676389
675858
676110
675951
675953
675830
676340
676015
675903
676787
676783
676857
677145
676810
676995
676947
676531
677123
676602
676558
677064
676759
676912
676755
676851
676462
676900
676675
676580
676762
676946
676758
676643
676647
676923
676536
676695
676774
676719
676715
677112
676856
676561
676867
676694
677049
676702
676638
676503
676452
676834
676554
676615
676752
677099
676639
677066
676727
676906
676866
677136
676412
676895
676899
677047
677284
677755
677371
677170
677464
677531
677677
677632
677659
677239
677711
677768
677466
677169
677631
677814
677365
677232
677394
677525
677664
677440
677437
677280
677197
677491
677583
677494
677417
677717
677655
677205
677199
677409
677404
677813
677591
678239
678131
678400
678133
677865
677971
678354
677842
678358
678336
678389
678214
678517
678018
678448
678444
678335
678525
678119
678518
677884
678262
678334
678266
678222
678391
677888
677918
678049
677860
678220
678074
678433
678381
678383
678384
677970
678491
678434
678505
678008
677957
677856
678206
678073
677991
678127
677857
678348
678521
677913
678362
678238
677843
678213
678211
678302
678261
678172
678368
678387
678048
678124
678449
678156
678019
677989
679209
679132
678609
679168
679094
679242
678911
678906
679208
678892
679052
678798
678799
678618
679137
678921
678622
678920
679192
678677
678903
679033
679130
679246
678651
678624
678900
678987
678825
678730
678653
679182
679173
678582
678630
678656
678615
678732
678576
678581
678658
678596
678637
679057
678574
678924
679245
678899
678737
678735
679789
679900
679867
679866
679372
679928
679769
679770
679922
679463
679801
679580
679954
679577
679576
679354
679384
679985
679853
679881
679666
679465
679715
679937
679366
679935
679450
679668
679845
679350
679757
679782
679957
679382
679441
680559
680179
680434
680160
680222
680227
680143
680462
680187
680612
680150
680110
680135
680283
680482
680593
680165
680591
680581
680649
680003
680366
680248
680488
680185
680437
680030
680522
680574
680571
680151
680463
680565
680139
680440
680026
680027
680161
680078
680040
680439
680604
680359
680216
680178
680288
680579
680031
680076
680059
680445
680580
680045
680538
680044
680567
680433
681017
680835
680961
681211
681157
680824
681123
680831
681239
680893
681072
681245
681425
681099
680726
680828
681277
681066
681096
680899
680947
680872
681240
680829
680715
681024
681435
681437
681047
680877
680840
681125
681424
681322
680727
680856
681189
680948
681141
680825
681140
680760
680714
681025
680742
680873
680786
680738
680739
681321
681316
681075
680969
680886
682065
681759
681868
681870
681753
681744
681695
681883
681680
682110
682108
681538
681540
681508
681897
681932
682030
681724
681810
681605
681457
682043
681966
682000
681581
682049
681582
681901
682017
681755
681529
681559
681866
682002
681703
681900
681821
681981
681474
681842
682033
681517
681466
681683
681553
681855
682114
681569
681983
681906
681651
681858
682115
681555
681575
681733
681961
681965
682020
681551
681530
681701
681726
681886
682287
682478
682811
682204
682869
682304
682299
682491
682526
682746
682561
682533
682531
682819
682327
682550
682462
682775
682258
682207
682914
682396
682486
682788
682285
682733
682351
682316
682763
682887
682348
682309
682399
682411
682684
682868
682798
682629
682310
682540
682297
682385
682823
682192
682919
682190
682884
682481
682790
682676
682553
682517
682463
682667
683193
683249
683310
683612
683412
683479
683150
683102
683474
683133
683260
683436
682955
683151
683334
682987
683426
683038
682960
683325
683153
683486
683131
683222
683287
683507
683600
683190
683280
683010
683401
683610
683322
683429
682951
683510
683027
683246
683212
683508
683422
683219
683259
683195
683484
683533
682953
683532
683528
683023
683703
683664
684009
684237
684090
684056
684211
683801
684108
683976
684180
683673
684109
684236
684219
684146
683966
683699
684115
684089
683795
683696
683901
683903
683972
683837
683890
683948
683905
684121
684015
683949
683906
684159
684207
683844
684200
683711
683797
684128
684385
684565
684851
684485
684773
684775
684574
685060
684497
684435
684433
684543
685015
685034
684513
684798
685036
684845
684441
684446
684981
684551
685059
684994
684511
684648
684778
684575
684542
685027
684819
684489
684846
684982
684583
685018
685069
685004
684848
684718
684704
684490
684566
684592
684591
684923
684869
685029
685644
685307
685506
685363
685616
685661
685414
685164
685747
685633
685807
685336
685175
685251
685577
685327
685676
685250
685668
685465
685756
685419
685543
685240
685173
685663
685103
685797
685096
685132
685306
685105
685381
685416
685328
685599
685112
685337
685603
685566
685568
685364
685746
685615
685104
685757
685109
685113
685642
685370
685672
685626
685675
685130
685350
685185
685356
685476
685800
686314
686274
686539
685952
685956
685985
685875
685838
686394
686438
686039
686177
686048
686024
685832
686562
685877
686327
686152
686263
686103
686441
686040
685958
686426
685879
685951
685826
685848
686147
686074
686289
686078
686160
685844
686492
686093
686489
686140
685965
686370
686323
685873
686164
686369
686283
685833
685966
685998
686374
685824
686029
686446
686543
686447
686153
686313
686494
685898
687219
687288
686921
686920
687218
686618
687005
686680
686696
687074
687281
686972
687295
686898
686902
686847
686600
687282
687021
687214
687088
687199
687198
687033
687290
687130
686918
686649
687255
686610
686912
686890
686891
687023
686659
686846
687121
686695
686895
687060
687094
686632
687061
687232
687150
687032
687163
687256
686609
687635
687912
687599
687594
687758
687760
687523
687911
687490
687878
687843
687542
687844
687574
687420
687360
688000
687578
687580
687591
687409
687413
687755
687634
687536
687752
687877
687417
687442
687553
687359
687999
687832
687419
687423
687504
687450
687582
687493
687416
687937
687922
687648
687833
687686
687422
687642
687507
687478
687410
687765
687551
687939
688734
688400
688504
688489
688508
688586
688705
688361
688310
688677
688744
688220
688706
688522
688540
688333
688355
688629
688732
688245
688490
688232
688301
688315
688652
688197
688656
688243
688563
688578
688360
688423
688684
688673
688325
688344
688743
688416
688332
688417
688201
688322
688326
688297
688045
688439
688214
688346
688385
688221
688233
688749
688384
688975
689405
689029
689477
689044
689220
689475
688814
689399
689113
689051
688868
689214
689515
689455
689153
689009
689078
688900
688866
688822
688963
689549
689512
689344
688794
689140
689030
689225
689383
688910
688903
689370
689162
688861
689456
689045
689131
689385
688967
689117
688897
689265
689231
688949
689258
689053
689888
689612
689713
689999
690040
690057
690282
690213
689738
690155
690120
689782
689692
690164
689826
690016
689822
689890
689694
689940
690163
689646
689777
689988
689818
689791
689848
690214
689588
690043
690141
690031
690073
689623
689723
689845
690129
689792
689877
689998
690200
690205
689878
689739
689814
689939
689984
689630
690203
690144
689628
689725
689620
690070
690075
690048
690224
689966
690700
690609
690714
691042
690517
690675
690798
690685
690565
690445
690421
690386
690945
690648
690799
690906
690688
690519
690446
690749
690927
690923
690612
690423
690998
690997
690299
690806
690730
690570
690690
690610
690573
690588
690667
690663
691043
690942
690384
690674
690877
690878
690298
690807
691407
691528
691161
691738
691282
691647
691784
691648
691188
691455
691345
691505
691089
691360
691649
691428
691185
691458
691256
691347
691507
691125
691584
691582
691736
691525
691319
691735
691665
691746
691655
691176
691734
691697
691698
691152
691574
691091
691415
691572
691184
691333
691532
691783
691608
691682
691417
691661
691614
691730
691677
691326
691628
691178
691173
691359
691743
691826
691837
691963
692496
692080
692532
692262
691881
691909
692361
692472
691846
692498
691943
692091
691843
692356
692268
691998
692583
691931
692137
691887
692420
692519
691825
692000
692071
692327
692258
692465
692500
692298
692452
691953
692215
691833
692467
692256
691910
691967
691933
691935
691948
692471
692133
691883
692448
691834
691886
691969
691899
691901
692271
692070
692074
692269
692587
692419
692212
691847
692803
692786
692784
692739
692640
693334
693235
693233
692921
692697
692917
692849
693076
692872
692851
692881
692920
693179
693195
692717
692741
692638
692974
692637
692641
692685
692785
692736
693055
693228
693162
692660
693137
692896
693053
692957
692844
692958
693138
692886
692916
692973
692983
692658
693230
692707
692681
692688
692818
692611
692910
693709
693487
693545
693821
693935
693674
693897
693412
693667
693605
693394
693855
693841
693458
693868
693596
693638
693814
693853
693536
693400
693819
693752
693890
693947
693919
693401
693867
693750
693869
693641
693936
693516
693433
693459
693917
693434
693534
693757
693963
693954
693964
693803
693848
693614
693609
693875
693613
693531
693945
693915
693365
693893
693889
693503
693705
693496
693858
694017
694278
694277
694599
694654
694595
694030
694291
694466
694339
694074
694335
694705
694136
694415
694419
694338
694228
694661
694227
694337
694150
694551
694690
694500
694547
694090
694016
694141
694356
694447
694713
694025
694126
694282
694157
694153
694346
694134
694519
694148
694427
694495
694423
694679
694006
694645
694079
694105
694518
694005
694250
694459
694691
694076
694697
694353
694358
694023
694092
695206
695361
695343
694966
695396
695001
695088
695008
695213
694999
695004
695384
695107
695211
694820
695070
694811
694989
695458
695363
695292
695291
694842
694812
695252
695096
694798
695151
694840
695127
695152
695006
695014
695352
694970
694855
694821
694866
694831
694751
695355
695011
694829
695217
695135
694998
694893
694799
695445
695511
695517
695475
696125
696127
696062
695604
695823
695523
695583
695653
695541
695667
695782
695651
695997
695822
695551
695520
695970
695779
695643
695989
695818
695684
695956
695626
695881
695587
696012
695828
695537
696067
695467
695882
695670
695519
695969
695549
695582
695649
695929
696369
696259
696702
696383
696195
696691
696622
696810
696555
696479
696193
696310
696777
696764
696766
696510
696656
696216
696175
696481
696257
696237
696227
696374
696157
696156
696547
696224
696644
696381
696621
696707
696692
696794
696624
696626
696661
696399
696400
696589
696520
696221
696269
696204
696727
696703
696171
696220
696469
696245
696518
696588
696242
696506
696730
696788
696615
696213
696524
696212
696709
697110
697246
697316
697097
697126
697529
697142
697441
697221
696915
697178
697480
696937
697088
697474
697085
697498
697158
697394
697329
697318
697251
697239
697500
697075
697216
697112
697545
697304
697227
697144
697395
697627
697629
697435
697378
697116
697421
697249
697358
697096
697328
697511
697026
696997
697210
697508
697025
697145
697226
697544
697211
697082
697279
697233
697437
697530
697153
696974
696960
697308
697916
698036
698302
698332
697759
698184
698344
697903
698346
698099
698197
697711
697710
698008
698371
697937
697890
697886
697806
697891
697918
697884
697922
697761
697973
697955
698373
697813
698069
697893
697713
697663
697769
697966
697928
698263
698343
698201
697772
697929
698185
698239
698086
697901
698307
697719
697923
697771
698238
697795
697894
698962
698603
698526
698427
698756
698645
698884
698833
698638
698448
698474
698830
698670
698589
698501
698668
698828
699086
698522
699092
699006
698887
698592
698912
698393
698428
698493
698689
698419
698883
698418
699019
699115
698873
698781
698514
698796
698963
698431
698438
698439
698475
698794
698913
698462
698739
698624
698836
699020
698494
698425
698690
698755
698998
698491
698606
699293
699740
699206
699572
699306
699890
699615
699655
699388
699625
699839
699487
699647
699664
699362
699904
699317
699365
699617
699705
699295
699726
699280
699319
699847
699613
699410
699673
699387
699333
699425
699358
699360
699564
699550
699634
699205
699915
699201
699302
699565
699392
699631
699391
699658
699204
699913
699742
699895
699891
699485
699335
699556
699417
700287
700395
700154
700128
700137
700247
700229
699931
700579
700415
700533
700632
699994
700240
700425
700265
700264
700418
699992
700371
699951
700417
700382
700380
699939
700135
700122
700269
700419
700272
700354
700228
700184
700218
700129
700631
700471
700486
700034
700182
700216
700423
699952
700377
700147
700665
700538
700035
700647
700671
700494
700151
701193
700752
701241
701111
701261
701190
700856
700784
701160
701156
700837
701314
701294
700843
700840
700997
701172
701260
700862
701124
701044
701155
701150
700829
700794
701174
700855
701366
700907
701220
701148
701024
701161
701239
701047
701223
701142
700861
701092
700785
700744
701033
702019
701634
701765
701690
701610
701605
701672
701535
701966
701546
701896
702044
701439
701616
701438
701594
701983
701800
701704
701666
701784
701607
701517
701754
701569
701949
702003
701516
701730
701560
701414
701416
701893
701850
701483
701674
701620
701633
701895
701572
701480
701545
701722
701589
701590
701901
701612
701968
701709
701692
701529
701564
701566
701727
701851
702291
702747
702599
702546
702608
702137
702639
702162
702478
702172
702197
702274
702607
702658
702432
702174
702168
702138
702153
702414
702144
702217
702206
702595
702594
702413
702367
702289
702362
702154
702404
702531
702507
702226
702431
702180
702228
702505
702798
702660
702365
702208
702480
702294
702295
702368
702334
702640
703351
703334
703126
703215
703241
703049
703002
703111
702832
703405
703108
703188
703400
703098
703137
703105
702835
703185
703119
703421
703092
702960
703047
702833
703455
703103
703036
703374
703170
703089
703044
702897
703090
703214
703508
703262
703391
703001
703333
703394
703396
703311
702886
703177
703357
702836
703184
703060
703096
703094
703412
703039
703236
703505
702822
703017
703344
702922
703076
703780
703833
703578
704174
704212
703827
703911
703664
703799
703870
703866
703906
703946
704223
703824
704034
703527
703895
703771
704035
703948
704151
703825
703868
703752
704237
703919
703572
704214
703535
703885
704051
703814
704116
703818
703517
703888
703832
703586
703850
704141
703852
703941
703938
703554
704158
704156
703563
704078
703557
703937
703556
703776
704226
703745
703914
703789
704173
703585
704136
704137
703515
703952
703537
704482
704720
704714
704636
704307
704717
704447
704584
704796
704791
704704
704832
704830
704317
704769
704881
704859
704661
704339
704469
704500
704706
704620
704749
704416
704409
704751
704699
704471
704768
704861
704431
704656
704294
704479
704533
704282
704790
704841
704625
704531
704509
704857
704312
704257
704484
704724
704516
704712
704472
704798
704302
705647
704987
705128
705042
705432
704961
705429
705313
705112
705380
705539
705387
705266
704950
705222
705050
705537
705359
705129
705645
704989
705515
705217
705530
705052
705167
705540
705379
705139
705450
705392
705635
705348
705157
705667
705416
705314
705117
705636
704977
705155
705262
705346
705045
705165
705326
705001
705046
705377
705705
705894
706287
706286
705988
706299
706007
705839
705752
705953
706026
706027
706139
705970
706120
706107
705903
705826
705861
705719
705831
706119
705755
706174
705783
706345
705781
706094
706175
705997
705939
705969
705709
705695
706338
705835
705862
706292
706142
706101
705721
706336
705737
706016
706318
705961
705933
706346
706096
706962
706484
707068
706677
706650
706851
706727
706728
706978
706766
706593
707070
706894
706749
706893
706925
706782
706924
706958
706765
706955
706960
707061
706721
706719
706447
706918
706977
706616
706855
706903
707063
706649
706468
706723
706774
706538
706726
706479
706514
706891
706793
706672
706375
706501
706743
706621
706584
706598
706863
706674
706376
706546
706446
706740
706513
706586
706831
706591
706846
706708
706776
706359
706725
706724
707457
707508
707227
707139
707425
707400
707367
707539
707133
707596
707837
707525
707667
707107
707557
707106
707502
707228
707458
707660
707576
707816
707538
707167
707166
707412
707827
707696
707345
707839
707646
707611
707515
707358
707523
707363
707432
707134
707514
707300
707833
707328
707203
707741
707710
707743
707543
707342
707414
707346
707605
707217
707503
707302
708031
708189
708622
708562
708102
707891
708186
708096
708625
708385
708215
707878
708048
708050
708187
708480
708209
707967
708226
708544
708337
707912
708421
708287
708405
708033
708029
708069
707894
708104
707974
707989
708298
708117
708623
708354
708224
708223
707921
708188
708078
707902
708484
708626
707953
708203
708131
707905
707984
708609
708217
708465
708202
708538
708316
707881
708462
708330
707917
708482
708391
707985
708118
708370
708560
708586
708225
708441
708139
708594
708087
708352
709147
709181
708758
709086
709328
708890
708682
709106
708789
708966
709359
708962
708901
709298
709243
708937
708809
709309
708705
709161
709226
708742
709094
708891
709162
708935
708688
709185
709122
709198
708743
709365
709200
709204
709307
709076
708690
709088
709329
708808
709202
709074
709145
708708
708681
708900
708837
709125
709093
709840
710019
709492
709965
709518
709418
709519
710018
709602
709604
710007
709995
709453
709754
709475
709527
709860
710130
709740
710100
710150
710096
709911
709501
709545
709866
709870
709601
709976
710117
709474
709757
709795
710074
709746
709640
709964
709852
709688
709983
709850
709737
709647
709686
710142
709723
709843
709408
709992
709585
709587
709704
709748
710862
710858
710218
710417
710803
710229
710203
710228
710682
710408
710565
710586
710581
710842
710250
710567
710198
710730
710445
710579
710478
710764
710224
710824
710614
710752
710494
710469
710654
710471
710366
710733
710562
710681
710354
710843
710556
710436
710435
710213
710363
710771
710649
710211
710433
710748
710216
710496
710849
710655
710249
710410
711169
711534
711535
711003
711030
710954
711550
710980
711009
711131
711443
711522
710898
711180
711271
711157
711517
710869
711353
711234
711036
710900
711164
711165
710972
711349
711466
711170
711279
710995
711135
711014
711216
711551
710921
711102
711158
711270
711468
711513
711188
711538
711384
710993
711312
710944
711447
710927
711163
711313
711671
712280
712240
711806
711625
712161
712295
711795
712040
711804
712041
711830
712079
712013
711784
712069
711853
711828
712317
712159
711769
711599
712238
712162
711809
711873
711768
712279
712157
712121
712296
712031
711917
711908
711688
712067
711659
711796
711801
711799
711773
711910
711690
712208
711868
711673
711869
712209
711984
711798
712302
711965
711926
711930
712355
712991
712356
712900
712699
712993
712997
712791
712502
713063
712421
712704
712702
712697
712823
712664
712758
712753
712569
712907
712799
712428
713077
712593
712372
712896
712767
712811
712899
712363
713064
712591
712663
712536
712445
712570
712383
712862
713082
712500
712780
713076
713168
713129
713474
713155
713314
713268
713098
713224
713653
713496
713244
713502
713521
713617
713662
713333
713504
713317
713116
713149
713830
713770
713589
713271
713516
713270
713831
713218
713313
713525
713647
713133
713607
713437
713528
713482
713844
713385
713796
713497
713114
713303
713301
713275
713426
713849
713519
713847
713615
713288
713624
713278
713282
713217
713397
713246
713219
713276
713644
713539
713428
713387
714466
713959
713991
714416
713993
713949
713867
714145
714221
713936
714030
714506
713871
714577
714576
714454
713935
714468
713900
714142
714373
714496
713961
713896
713931
714210
714278
713928
714170
714159
714018
714387
714212
713918
714217
714292
714296
713944
713920
714391
714393
714121
713977
714546
714020
714218
714419
714494
713940
714225
713927
714277
714161
714163
714889
714859
715117
714673
714634
715049
714899
715110
714777
714964
715197
714802
714865
714838
715137
715254
715243
714891
714898
715206
714623
715047
715043
714977
715241
714776
714887
714857
714861
714779
715131
715030
714967
715121
715140
715031
714832
715109
714619
714803
714799
714653
715126
714956
715120
715063
714862
715125
714742
714793
715132
714781
714840
714735
714635
714974
714651
715044
715796
715284
715365
715529
716015
716014
715666
715928
715667
715958
715652
715302
715650
715660
715540
715871
715407
715755
715406
715688
715441
715443
715992
715996
715516
715286
715467
715930
715462
715777
715430
715962
715693
715990
715956
715590
715698
716000
715663
715895
715631
715971
716002
715347
715824
715433
715784
715910
715275
715589
715363
715748
715963
715773
715537
715835
715731
716382
716412
716041
716684
716699
716691
716364
716526
716265
716375
716643
716421
716642
716686
716223
716449
716138
716417
716070
716409
716026
716525
716606
716330
716632
716612
716085
716133
716348
716331
716703
716284
716366
716225
716050
716543
716320
716087
716238
716701
716624
716509
716544
716278
716350
716653
716037
716236
716639
716179
717231
717029
717404
716951
716953
716926
717349
717104
717050
717114
717155
717105
716736
716928
716863
717199
716843
716882
717057
716971
717177
716909
717047
717190
717457
716844
716975
717345
716720
717243
717230
717196
717113
717090
717201
716881
716963
717250
716825
717478
717476
718112
717518
717686
717887
717747
717946
717983
718139
717864
717654
717567
717909
718008
718071
717750
717683
718055
717668
717941
717509
717888
717474
717795
717998
717657
717984
717850
718127
718100
717962
717961
717718
718114
718011
718056
718012
717629
717566
717851
717741
717936
717938
717667
717992
718801
718186
718257
718670
718788
718202
718205
718207
718358
718225
718438
718166
718586
718597
718146
718630
718194
718574
718692
718575
718658
718760
718376
718445
718792
718165
718228
718435
718598
718587
718522
718357
718699
718662
718742
718701
718666
718190
718790
718377
718655
718189
718707
719028
719110
719018
718887
719527
718987
719488
718901
718836
718965
719434
719436
719262
719504
719072
718874
718876
719059
719073
719107
719474
719476
719405
719423
719305
719224
719121
719505
719430
719047
719429
719492
718961
718839
719042
719438
719347
719427
719222
718894
719421
718973
718980
719043
718984
719406
718986
718872
718884
719526
719273
718944
718946
719971
719962
720041
720327
719909
719784
719947
719641
719600
719697
719571
719658
720337
720270
719693
719945
720060
719893
719826
719720
720329
719711
719680
719615
720252
719660
719912
720263
719802
720253
720034
719763
719598
719723
720271
719572
719706
719892
719640
720240
720080
719782
719719
720048
719703
719822
720158
719612
720289
719686
719661
719710
720031
719777
719648
719678
720102
720100
719725
720790
720949
720611
721113
720710
720764
720594
720723
720679
720798
720771
720607
720356
720915
721002
720720
720402
720721
720542
720734
720702
720704
720996
720615
720712
720357
720484
720353
720646
720470
720947
720892
720609
720645
720970
720510
720838
720571
720837
720716
720517
720431
720413
720767
720418
721013
720813
720870
720967
720928
720411
720591
720681
720437
720739
721098
720573
720878
720576
720877
720558
720436
720925
720505
720980
720557
720506
720405
720966
721099
720707
720988
720415
720352
720769
720871
721289
721640
721804
721408
721577
721342
721189
721338
721336
721347
721172
721349
721746
721777
721474
721604
721265
721629
721196
721636
721472
721803
721159
721154
721745
721249
721494
721188
721749
721346
721463
721808
721348
721334
721330
721210
721467
721814
721156
721505
721310
721755
721211
721673
721709
721679
721194
721197
721584
721460
721275
721516
722320
722468
721930
722008
721856
721998
722292
722230
722421
722077
722372
722443
722268
722109
722358
722360
722414
722326
721845
722111
721836
722379
722397
722407
722020
722227
721926
721973
721833
722283
722135
722039
722043
722469
721934
722205
722324
721874
721903
722522
721851
722273
721927
721997
721955
722328
722548
721854
722315
721849
721954
722370
722134
721831
722395
722214
722750
722930
723107
723261
722632
723315
722633
723177
723051
722733
722645
722933
722887
722763
722932
722717
722753
722692
723046
722756
723265
723354
723095
723314
722891
722773
722881
722768
723108
723065
722811
722718
722995
723317
723114
723016
723077
722968
722622
722647
723352
723277
722858
722862
722863
722747
723399
723988
723851
723697
723415
723527
723702
723545
723578
723604
723381
723831
723626
723562
723508
723977
723551
723954
723374
723544
723749
723408
723719
723549
723483
723419
723598
723797
723463
723717
723560
723402
724093
723635
723794
723530
723727
723783
724026
723470
723919
723528
723392
723856
723698
723439
723689
723985
723456
723586
723792
723385
723868
723485
723978
723556
723746
723409
723716
723854
723965
723704
723541
723650
724024
723691
723944
723472
724667
724697
724238
724328
724286
724324
724717
724706
724510
724651
724340
724309
724587
724313
724633
724588
724723
724263
724771
724232
724237
724628
724367
724695
724649
724783
724354
724477
724559
724308
724684
724513
724369
724228
724305
724789
724770
724699
724560
724222
724508
724330
724602
724356
724323
724231
724478
725021
725070
725224
725354
725030
724962
725018
724960
725223
724972
724970
725505
725501
725332
724953
725464
725210
725325
725212
725251
725553
725474
725181
725268
725483
724883
725139
725542
724955
725094
725093
725538
725485
725134
725388
724885
725286
725232
724948
725478
725520
724888
725412
725398
725341
725069
725013
725514
725423
725361
724947
725425
725421
725480
725426
725392
725276
725509
725352
725508
725178
725009
725073
725621
725766
725887
726156
725666
726276
726266
725682
726036
725812
726282
726332
725860
725980
726117
725773
726265
725895
725863
726281
726331
725671
725903
725681
725774
725780
726169
725948
726071
725896
725735
725689
726069
725591
725883
725803
726116
726140
725779
726151
725732
726157
725739
726026
725956
725734
725857
726256
726255
725630
725906
725688
725745
726188
725871
725675
726401
726500
726364
726663
726501
726738
726404
726440
727011
726449
726834
726546
726841
726482
726927
727010
726483
726712
726456
726380
726597
726996
726843
726717
726678
726557
726762
726956
726915
726763
726695
726363
726879
726958
726676
726355
726458
726699
727016
726880
726614
726709
726654
726902
726953
726938
726952
726746
726634
726974
726977
726545
726377
726448
726350
726745
726930
727007
726839
726372
726792
726454
726602
726797
726632
726555
726628
726603
726997
726439
726786
726690
726849
726917
726359
727405
727516
727402
727137
727201
727149
727334
727791
727479
727500
727295
727597
727612
727480
727342
727476
727416
727789
727522
727107
727751
727811
727288
727617
727615
727699
727835
727212
727287
727445
727712
727209
727108
727697
727695
727554
727495
727683
727731
727576
727715
727270
727337
727459
727090
727335
727271
727269
727293
727417
727819
727088
727538
727268
727738
727559
727409
727710
727805
727807
727177
727893
728116
727914
728407
728198
728412
727845
728140
728063
728021
728022
727878
728034
728143
727952
727906
728520
728234
728062
727950
728135
727999
728157
728144
728039
728372
728202
728040
728353
728117
728122
728179
727910
728516
728093
727918
728510
727846
727981
728155
728274
728091
728181
728182
727883
728495
727935
728194
728035
728148
727905
728002
728280
728461
727924
727997
728376
728001
727941
727937
728352
727927
728279
727901
728898
729136
728645
728558
728732
728733
728956
729292
729068
728587
728934
728631
728560
728734
729290
729230
728561
728649
728925
728698
728702
729005
728750
728671
728908
729240
729275
729280
728627
729192
728970
728693
728692
728624
728809
729043
729190
728723
729260
729125
728795
729104
728591
728697
728752
728796
729611
729690
729763
729820
729762
729504
729912
730007
729358
729363
729516
729793
729587
729542
729496
729541
729835
729790
729481
729800
729515
729585
729498
729480
729613
729909
729447
729442
729438
730005
729797
729349
729435
729787
729588
729738
729583
729575
729423
729421
729590
729674
729355
729795
729296
729858
729862
729365
730690
730515
730717
730404
730338
730781
730392
730745
730689
730698
730137
730443
730440
730071
730407
730437
730213
730577
730255
730608
730303
730445
730566
730298
730163
730267
730068
730514
730700
730055
730199
730304
730200
730531
730785
730565
730402
730360
730429
731516
731415
731487
731479
731062
731377
731042
731287
731155
730899
731413
731168
731466
731129
731316
731511
730874
731132
731169
731077
731383
730880
730876
731384
730837
730894
731067
731266
730921
730886
731154
731044
731355
731099
731352
731160
730884
731233
731376
731080
730956
730953
730834
731317
731465
731066
731101
731256
731110
731173
731074
731475
730919
732158
732297
731558
731553
731975
732185
731887
732170
731657
732104
731856
731570
731924
731780
731576
731709
731907
732269
731609
731581
732093
731707
731718
732040
732178
732304
731578
731909
732080
731544
731571
732171
731930
732188
731711
732289
732270
732078
731649
731848
731549
732279
732088
731690
732044
731891
731811
732167
732318
731563
731567
731712
732281
731929
732330
731584
731648
732109
731643
732184
732287
731661
732075
731960
732106
731968
731543
732820
733018
732591
732448
732706
732907
732525
732613
732773
732910
732805
732736
732560
733024
732564
732347
732828
732394
732390
732522
732532
732563
733023
732368
732803
732679
732681
732608
732409
732411
732705
732550
732764
733019
732887
732385
732531
732951
732875
732771
732763
732876
732837
732486
732606
732567
732945
732552
732890
732636
732712
732553
733010
733015
733389
733378
733239
733205
733461
733331
733330
733363
733361
733624
733342
733338
733063
733621
733658
733519
733245
733717
733384
733271
733131
733238
733439
733313
733392
733165
733255
733107
733704
733173
733207
733659
733372
733086
733203
733528
733186
733247
733385
733046
733218
733196
733351
733314
733486
733128
733807
733758
733737
733863
734271
734189
734041
734111
734138
733923
734157
734404
733986
734405
734141
734225
734277
734092
734269
734362
734424
734360
734112
733859
734414
733759
734179
733937
734042
733989
733782
734124
734416
733842
733742
733809
734005
734140
734098
733864
733764
734095
734101
734804
734961
734684
735153
734688
734578
734625
734699
734698
734682
735078
734891
734477
734823
734806
734876
735011
734434
734800
735067
734892
734873
734870
734475
734573
734750
734628
734584
735004
734869
734741
734626
735010
734691
734586
735132
734603
735081
734435
735151
734533
734596
734676
735064
735458
735702
735375
735707
735554
735639
735669
735373
735845
735363
735249
735677
735453
735613
735251
735889
735381
735482
735371
735297
735241
735758
735417
735463
735296
735610
735334
735756
735658
735393
735741
735361
735582
735323
735738
735188
735257
735439
735809
735789
735282
735558
735259
735437
735762
735290
735207
735659
735252
735283
735590
735386
735589
