205
197
391
367
161
123
115
24
405
31
379
514
143
300
78
44
532
472
513
144
178
285
525
255
455
43
485
272
337
131
545
496
124
15
296
380
61
23
97
350
450
480
280
520
250
396
166
385
355
10
437
372
237
36
540
279
400
136
110
200
539
479
66
305
267
291
491
467
89
94
59
388
363
358
321
193
127
506
170
334
419
219
341
147
109
312
9
246
333
47
308
517
70
446
27
93
226
159
194
364
189
426
326
75
464
82
52
264
102
408
346
212
233
433
412
118
208
501
441
234
18
548
2
319
241
434
463
458
421
152
488
182
528
288
258
221
263
175
489
126
459
494
259
294
289
529
146
302
19
507
318
409
270
447
516
119
247
470
530
46
209
427
493
352
382
375
26
293
227
475
64
535
252
282
522
188
482
393
158
121
163
327
452
275
134
8
542
370
33
309
12
141
347
41
202
112
418
133
511
218
402
108
34
63
58
21
88
359
164
394
389
224
424
196
366
5
244
278
431
503
185
155
172
444
478
231
538
504
72
243
336
55
85
443
310
105
223
261
297
96
215
415
497
423
461
315
50
361
397
191
167
323
80
343
179
236
410
37
210
100
436
0
344
378
137
331
79
466
324
180
91
67
150
266
460
229
429
186
156
260
311
117
6
249
207
195
365
407
449
509
230
416
547
95
342
216
106
430
17
257
527
287
56
86
335
487
322
457
435
422
90
151
357
128
387
181
222
235
174
442
148
330
73
1
242
316
307
101
265
211
518
349
173
411
465
48
74
502
329
81
51
28
360
190
484
499
454
299
254
524
284
145
62
531
471
238
403
14
125
203
271
438
132
544
113
13
404
32
376
25
114
543
204
468
453
392
162
483
45
515
283
523
253
268
69
292
383
353
368
198
20
492
139
276
77
510
304
476
536
40
140
338
371
177
303
39
120
98
399
169
354
384
262
84
54
99
183
505
168
398
153
462
71
339
414
3
214
38
104
413
4
138
432
340
425
225
103
377
171
232
213
320
53
68
445
83
369
199
154
184
245
469
220
345
92
420
269
240
537
477
277
332
313
325
76
440
239
500
176
314
439
498
362
192
298
60
351
157
328
381
187
29
406
130
374
519
348
7
116
49
206
217
149
373
16
107
301
295
495
30
546
417
456
129
486
526
286
256
87
57
160
390
35
490
22
290
386
356
508
42
201
165
395
111
317
273
473
512
533
401
274
248
541
306
11
534
65
142
474
448
228
251
281
521
481
122
451
428
135
