205 442
205 214
197 198
391 392
367 368
161 309
161 162
123 127
123 128
115 116
24 27
24 92
405 405
31 33
379 381
514 515
143 145
300 513
300 501
300 302
300 533
78 80
44 47
44 55
44 45
532 534
472 473
513 515
144 145
178 179
285 286
525 525
255 257
455 467
455 468
455 456
43 55
43 45
485 486
272 346
272 338
272 273
337 355
131 132
545 548
496 497
496 499
124 126
15 21
15 103
296 485
296 479
296 305
296 504
296 297
296 487
296 354
296 384
380 381
61 64
23 24
23 93
23 28
97 158
97 342
350 351
450 451
480 489
480 481
280 281
520 521
250 252
396 397
166 168
385 389
355 355
10 11
437 457
372 375
237 243
237 238
36 39
540 541
279 282
279 452
279 454
279 439
400 400
136 141
136 151
110 147
110 111
200 202
539 539
479 501
479 493
479 497
479 481
66 67
66 68
305 306
267 268
291 431
291 295
491 492
467 472
467 469
89 95
89 154
94 95
59 61
388 389
363 364
358 372
358 360
321 323
193 195
127 137
127 129
127 135
506 506
170 182
170 176
334 363
334 335
334 377
334 362
334 374
419 420
219 220
341 353
341 348
147 149
109 147
109 111
312 316
312 313
9 10
9 19
246 346
246 273
333 334
333 407
47 48
308 309
308 361
517 518
70 71
446 449
27 38
27 29
93 94
226 228
159 163
194 421
194 195
364 365
364 368
189 208
189 192
426 427
326 327
75 155
75 81
464 465
82 89
82 85
52 55
52 53
264 265
102 115
102 110
102 108
408 421
408 409
408 413
346 514
346 347
346 544
346 473
212 219
212 213
233 234
233 243
433 435
412 412
118 119
118 150
118 120
208 219
208 229
208 213
501 503
441 443
234 242
18 19
548 548
2 23
2 6
319 320
241 242
434 435
463 465
458 460
421 426
421 429
152 158
152 343
488 489
182 461
182 183
528 532
528 529
528 534
288 294
288 289
288 466
258 259
258 277
258 281
221 223
221 239
263 265
175 182
175 176
489 489
126 127
126 128
459 460
494 495
259 261
294 431
294 295
289 437
289 291
289 462
529 531
146 149
302 387
302 304
19 23
19 20
507 508
318 319
318 322
318 376
318 398
318 417
409 412
270 271
447 453
447 448
516 518
119 121
119 145
247 404
247 401
247 248
470 471
530 531
46 47
46 524
209 210
427 430
493 495
352 353
382 385
382 394
382 404
382 399
375 378
26 27
26 93
293 294
227 228
475 483
475 476
64 66
64 101
535 538
535 547
535 544
535 536
535 541
252 255
282 288
282 290
282 448
522 525
188 189
188 201
482 486
393 394
393 538
393 413
393 526
158 341
158 302
158 382
158 332
158 406
158 274
121 422
121 325
121 401
121 142
163 165
327 331
452 453
275 287
275 453
275 276
275 445
134 144
134 136
8 11
542 543
370 375
33 35
309 316
309 313
12 15
12 17
12 16
12 22
141 396
141 372
141 318
141 416
141 142
347 353
347 348
41 56
41 42
202 230
202 204
112 114
418 420
133 143
133 134
133 140
511 511
218 221
402 405
108 109
108 118
108 148
34 412
34 409
34 210
34 35
63 64
58 61
58 65
21 24
21 27
21 93
21 28
21 92
88 95
359 391
359 528
359 530
359 504
359 547
359 518
359 360
359 524
359 544
359 536
359 414
359 477
359 541
164 165
394 395
389 389
224 233
224 240
424 426
424 429
196 197
196 226
196 202
366 369
5 23
5 6
244 300
244 246
244 333
244 463
244 546
244 474
278 279
278 441
278 287
431 433
431 432
503 503
185 234
185 243
155 156
172 175
172 459
444 445
478 479
478 487
231 232
231 277
231 281
538 539
504 514
504 513
504 507
504 509
504 505
72 75
72 82
72 90
243 272
243 244
243 339
336 337
336 355
55 56
85 86
443 445
310 312
310 311
105 106
223 234
223 243
261 270
261 266
261 269
297 337
297 298
96 97
215 216
415 415
497 499
423 424
423 425
461 466
461 462
315 317
50 51
50 533
361 363
361 362
397 400
191 208
191 192
167 168
323 324
80 89
80 90
80 81
80 84
343 344
179 458
179 182
179 180
236 237
410 416
410 411
410 414
37 38
210 212
100 147
100 117
100 111
436 484
436 476
0 2
344 347
378 378
137 139
331 331
79 415
79 80
79 210
79 413
466 472
466 469
324 324
180 181
91 95
91 154
67 74
67 69
150 151
266 268
460 461
229 278
229 231
429 430
186 229
186 187
156 307
156 157
260 261
311 316
311 313
117 118
117 148
6 123
6 21
249 250
249 253
207 219
207 213
195 197
195 202
365 366
407 408
407 417
449 451
509 511
230 278
230 231
416 419
416 418
547 548
95 97
342 344
216 218
216 222
216 232
106 116
106 107
430 430
17 19
257 258
257 278
257 442
527 527
287 288
287 290
56 57
86 97
335 379
335 337
487 488
487 494
487 502
487 498
322 323
322 373
457 463
457 474
435 436
422 424
422 425
90 91
90 156
151 152
151 535
151 504
357 361
357 360
357 368
128 137
128 129
128 135
387 391
387 396
387 388
387 401
181 183
222 224
222 223
222 239
235 236
174 221
174 175
174 459
442 443
148 149
330 331
73 74
1 2
242 272
242 244
242 339
316 317
307 367
307 308
307 393
307 359
307 310
101 102
101 112
265 270
265 266
265 269
211 212
518 522
518 519
349 350
349 353
173 174
411 412
465 475
48 57
74 75
74 82
74 90
502 503
329 379
329 330
81 86
51 56
28 38
28 29
360 366
190 200
190 191
484 485
484 516
499 499
454 455
299 306
254 255
254 256
524 525
284 285
145 517
145 152
145 523
145 477
62 63
62 65
531 531
471 473
238 242
403 421
403 404
14 15
14 22
125 396
125 126
125 399
125 248
203 230
203 204
271 333
271 530
271 497
271 509
271 435
271 301
271 273
438 451
132 133
544 545
113 379
113 114
113 381
13 14
13 16
404 405
32 385
32 33
32 389
376 377
25 26
25 28
25 92
114 146
114 119
114 150
114 120
543 543
204 205
204 220
468 472
468 469
453 455
392 395
162 163
483 485
483 516
45 47
515 515
283 284
523 528
523 530
523 524
523 526
253 255
253 256
268 271
69 72
292 294
383 494
383 393
383 403
383 384
383 398
383 417
383 386
353 367
353 380
353 358
353 376
353 354
368 369
198 199
20 21
20 103
492 493
139 143
139 140
276 282
276 454
276 439
77 78
510 511
304 305
304 326
304 319
304 310
476 479
476 535
476 504
476 487
476 523
536 537
40 41
140 141
140 151
338 340
371 372
371 377
371 373
177 179
303 349
303 304
39 296
39 388
39 516
39 535
39 86
39 411
39 523
39 157
120 121
120 145
98 99
399 400
169 170
169 458
354 355
384 385
384 409
262 263
84 155
84 85
54 56
99 100
183 437
183 382
183 518
183 524
183 536
183 505
183 184
183 406
183 386
183 481
505 506
168 172
168 174
168 169
168 214
168 225
398 399
153 154
462 463
462 474
71 72
71 73
339 340
414 415
3 5
214 233
214 221
214 240
38 88
38 96
38 39
104 106
413 415
4 5
138 139
432 436
340 532
340 341
340 435
340 502
425 426
425 429
225 232
103 115
103 110
103 108
377 378
171 458
171 175
171 460
232 233
232 240
213 278
213 231
213 442
213 214
320 324
53 54
68 74
68 69
445 446
83 85
369 369
199 205
199 220
154 307
154 157
184 488
184 431
184 303
184 332
184 274
245 246
469 471
220 221
345 347
92 94
420 420
269 271
240 241
537 537
477 478
477 486
277 279
277 287
332 334
313 315
325 380
325 326
325 329
325 403
76 77
440 449
239 241
500 501
500 503
176 181
314 315
439 455
439 440
498 499
362 364
192 198
298 299
60 61
351 367
351 380
351 358
351 376
351 354
157 158
157 343
328 330
381 381
187 230
187 204
187 198
29 36
406 407
130 144
130 136
374 375
519 521
348 410
348 422
348 351
7 18
7 8
116 118
116 148
49 530
49 51
206 207
206 417
217 218
217 222
217 232
149 151
373 377
373 374
16 17
107 110
107 108
301 540
301 529
301 302
301 410
301 422
301 349
301 483
301 476
301 498
295 491
295 308
295 507
295 297
295 322
295 329
295 383
295 303
495 495
30 31
546 547
417 419
417 418
456 457
129 143
129 140
129 130
486 488
486 494
486 502
486 498
526 527
286 450
286 467
286 288
286 468
286 456
286 290
256 257
87 88
87 96
57 67
57 138
57 68
57 129
57 135
160 162
160 298
390 391
390 394
35 36
35 94
35 37
490 491
490 492
490 495
22 23
290 291
290 293
290 462
386 410
386 422
386 387
356 366
508 508
42 48
201 202
165 175
165 459
165 259
165 172
165 169
395 395
111 119
111 150
111 120
317 317
273 382
273 432
273 274
473 475
512 513
512 515
533 534
401 402
274 309
274 323
274 330
274 298
248 250
248 253
541 543
306 306
11 15
11 22
534 534
65 66
65 101
142 158
142 342
474 475
448 449
228 229
251 252
281 282
281 452
281 444
281 454
281 439
521 525
481 489
122 123
122 195
122 416
451 457
428 429
135 144
135 136
