90
140
191
41
317
214
483
370
482
386
468
115
564
285
471
248
319
184
15
371
141
419
549
91
40
190
417
547
575
84
298
368
383
486
382
470
567
178
116
385
348
572
573
187
219
498
581
189
314
217
270
286
161
13
569
12
60
544
414
87
398
268
78
16
282
283
271
485
160
113
112
61
89
580
448
576
518
281
475
166
447
399
517
79
570
269
77
195
45
267
364
63
449
519
62
397
294
111
272
273
88
10
464
179
571
276
280
218
349
66
497
188
110
244
347
11
499
163
162
375
568
145
177
95
74
264
367
92
93
143
142
297
394
373
418
548
165
480
476
372
381
299
514
444
196
369
46
65
344
247
481
275
469
43
42
192
193
174
146
96
467
318
473
380
472
376
494
249
374
277
245
393
67
496
392
263
262
94
144
72
73
288
210
81
180
465
176
118
560
279
346
513
442
512
443
69
172
365
173
211
44
194
578
342
446
516
343
167
295
169
561
493
396
492
474
80
76
18
266
181
149
541
99
411
495
379
246
274
377
345
64
292
293
466
175
362
97
363
147
310
388
296
445
515
477
410
488
540
199
462
366
49
463
265
47
311
75
197
243
242
164
479
395
461
85
574
48
198
489
290
487
241
14
416
312
313
546
478
360
284
387
98
148
565
460
185
543
316
412
542
378
413
215
361
114
389
291
240
390
484
341
17
86
70
213
212
171
260
579
182
183
577
415
168
545
440
510
491
563
19
562
315
71
261
186
170
289
117
391
566
340
511
441
384
287
119
490
68
278
216
82
83
453
452
356
301
131
539
427
30
537
429
400
154
505
25
255
130
300
329
31
353
125
456
352
238
54
224
327
401
534
528
8
157
122
355
123
256
506
26
201
424
159
438
551
22
23
502
503
252
253
108
57
338
324
227
200
59
550
229
126
455
206
556
120
251
501
109
21
339
228
107
58
337
234
135
305
250
9
121
529
437
20
500
405
552
553
35
202
203
527
439
7
158
328
334
237
104
450
32
33
555
205
136
403
306
402
351
239
132
303
406
302
133
524
4
538
451
350
434
428
36
28
508
258
34
102
333
332
436
103
6
526
51
404
150
221
235
522
523
2
3
304
207
134
557
128
209
50
220
151
559
106
433
336
432
435
530
407
39
321
420
37
358
409
232
233
5
525
139
309
458
531
320
236
105
335
421
137
307
204
554
124
459
138
308
225
532
533
55
423
326
422
230
457
155
323
426
322
38
357
254
24
504
408
359
231
536
56
226
129
1
521
100
330
454
558
431
127
208
152
153
325
520
0
259
509
331
29
101
156
425
222
223
52
53
535
354
257
430
27
507
