90 92
140 142
191 192
41 42
41 174
41 149
41 68
41 151
317 348
317 318
317 327
214 460
214 215
483 499
483 496
483 484
370 371
482 499
482 496
482 484
386 387
468 469
468 472
115 117
564 564
285 485
285 487
285 287
471 472
248 249
248 301
319 328
184 191
184 393
184 346
184 565
184 453
184 352
184 428
184 426
15 17
371 373
141 142
419 421
549 550
91 92
40 41
190 191
190 385
190 195
190 380
417 417
547 554
575 577
84 85
84 132
298 299
298 392
298 377
368 369
383 384
486 487
382 383
470 473
567 567
178 179
178 183
116 117
385 386
385 538
385 531
385 533
385 535
348 349
348 512
348 395
348 510
348 491
348 452
572 572
573 575
573 577
187 190
187 382
219 224
498 500
581 581
189 190
189 382
314 315
217 218
217 247
270 271
286 486
286 287
161 382
161 168
13 17
569 570
12 132
12 28
60 63
60 66
60 69
60 64
544 561
544 546
544 555
414 415
87 108
398 398
268 272
268 275
78 79
78 571
16 17
16 25
282 283
283 286
283 288
283 284
283 331
271 272
271 275
485 487
160 161
113 116
113 114
112 116
112 114
61 62
61 67
89 92
580 581
448 449
576 577
518 519
281 283
475 476
166 381
166 168
447 449
399 400
517 518
517 528
517 522
517 525
79 84
79 80
570 572
269 271
77 84
77 80
195 197
195 355
45 46
45 462
45 221
267 268
364 364
63 65
449 449
519 519
62 63
62 69
62 64
397 398
294 295
294 487
111 114
272 286
272 288
272 274
272 301
273 274
88 108
88 124
10 11
464 469
464 472
179 181
571 572
276 284
276 302
280 281
218 248
218 224
218 228
349 578
349 493
349 563
349 539
349 527
349 350
349 358
66 67
497 498
188 190
110 111
244 246
347 354
11 12
499 500
163 178
163 180
163 167
163 164
162 180
162 167
162 164
375 377
568 575
568 581
568 569
568 576
568 571
568 578
145 168
177 179
177 183
95 98
74 75
264 265
367 369
92 98
93 95
143 145
143 185
142 189
142 143
142 144
142 169
142 186
297 298
297 518
297 476
297 502
297 550
297 422
394 398
373 373
418 419
548 552
165 166
480 481
476 484
372 373
381 383
299 395
299 300
299 358
514 516
444 449
196 197
196 355
369 369
46 48
46 51
65 71
344 373
344 345
247 249
247 301
481 483
481 482
275 276
275 307
469 470
43 65
42 43
42 148
192 376
192 198
193 380
193 194
193 545
174 175
146 163
146 177
146 159
146 153
96 98
467 469
467 472
318 319
473 473
380 388
472 473
376 377
494 501
249 251
249 307
374 375
374 390
277 281
245 246
393 394
67 70
496 498
392 399
392 418
392 393
392 410
263 265
262 263
94 95
144 145
144 185
72 192
72 474
72 388
72 412
73 75
288 485
288 289
210 219
210 211
81 82
180 181
465 468
465 467
176 177
118 123
560 560
279 280
279 361
279 356
346 347
513 514
513 543
442 442
512 513
443 444
69 70
172 173
365 368
365 366
173 181
211 247
211 243
211 216
211 226
44 46
44 437
194 197
578 581
342 514
342 392
342 343
342 377
342 543
342 350
342 358
342 525
446 448
446 447
516 517
516 568
516 566
516 538
516 557
516 531
516 533
516 535
343 344
343 425
167 381
167 168
295 297
169 172
169 170
561 564
561 562
493 494
396 398
396 412
396 421
492 493
492 511
474 517
474 505
80 82
76 77
18 24
18 558
266 268
181 383
181 182
149 160
149 163
149 150
541 542
99 105
99 101
411 416
411 413
495 499
495 496
379 399
379 418
379 393
379 410
246 247
274 276
274 307
377 379
345 368
345 346
345 356
64 65
292 293
293 294
293 296
466 468
466 467
175 177
362 364
97 98
363 364
147 176
147 150
310 311
310 312
310 324
310 320
388 389
388 452
388 424
296 297
296 488
445 446
515 516
477 478
410 411
488 495
488 489
540 541
540 542
199 481
199 200
462 463
366 367
49 50
463 463
265 298
265 569
265 571
265 465
265 555
265 533
265 423
47 48
47 51
311 316
75 82
197 376
197 198
243 249
243 301
242 479
242 252
164 184
164 166
164 193
479 481
395 396
395 403
461 462
85 131
85 108
85 124
574 575
48 50
198 375
198 299
198 390
489 493
489 490
290 295
487 488
241 480
241 479
241 252
14 17
416 417
312 317
312 316
313 315
546 547
478 481
360 362
284 486
284 287
387 388
98 119
98 107
148 160
148 163
148 176
148 150
565 568
565 566
460 462
185 191
185 385
185 196
185 380
543 544
543 550
316 319
412 416
412 413
542 542
378 379
413 415
215 243
215 216
361 362
114 118
114 126
389 391
389 454
291 293
240 241
390 391
390 454
484 493
484 490
341 575
341 576
341 342
341 395
341 502
341 501
341 450
341 524
341 557
341 535
17 27
86 87
86 125
70 71
213 464
213 215
213 221
212 460
212 215
171 187
171 173
260 475
260 264
260 495
260 261
579 581
579 580
182 192
183 184
183 193
577 577
415 417
168 182
545 549
545 561
545 546
545 555
545 557
440 442
510 511
491 494
563 564
19 20
562 564
315 317
315 316
315 323
71 368
71 193
71 72
71 410
71 366
71 461
71 565
71 460
71 438
71 437
71 530
261 263
261 489
186 187
170 181
289 296
289 290
117 118
117 126
391 392
391 465
566 567
340 341
511 513
441 442
384 387
287 296
287 290
119 174
119 121
490 512
490 510
490 491
68 70
278 280
278 346
216 229
82 85
82 132
83 84
453 456
452 464
452 460
452 453
452 457
356 362
301 310
301 302
131 133
131 138
539 542
427 445
427 429
427 438
427 432
30 40
30 33
537 537
429 429
400 405
400 408
154 155
505 506
505 509
25 26
255 257
130 544
130 464
130 418
130 444
130 380
130 465
130 445
130 182
130 550
300 344
300 351
329 375
329 343
329 390
329 529
329 500
31 32
353 354
125 128
125 127
456 456
352 386
352 397
352 474
352 353
352 455
352 530
238 239
54 59
54 58
54 55
224 225
327 328
401 545
401 402
401 458
534 534
528 529
8 12
8 26
157 180
157 167
157 164
157 158
122 123
355 399
355 568
355 474
355 361
355 566
355 356
355 401
355 432
355 457
355 359
355 431
123 128
123 127
256 257
506 527
506 524
506 521
506 507
26 27
201 204
424 427
424 425
159 160
159 162
438 439
551 552
22 23
23 563
23 24
502 504
503 504
252 478
252 260
252 253
253 259
108 128
108 127
57 60
338 341
324 325
227 248
227 228
200 242
200 239
59 60
550 552
550 553
229 242
229 241
229 238
229 302
229 236
126 128
126 127
455 456
206 243
206 216
556 556
120 174
120 121
251 480
251 479
251 252
501 505
109 115
109 111
21 563
21 24
339 340
228 229
107 149
107 108
107 151
107 124
58 60
337 338
234 235
135 136
135 138
305 306
305 309
305 308
250 251
250 332
9 11
9 553
121 148
121 122
121 126
529 529
437 442
20 24
20 558
500 513
500 501
405 407
552 554
553 554
35 40
35 38
202 455
202 204
203 458
203 204
527 529
439 440
439 441
7 12
158 161
158 179
158 183
328 580
328 376
328 541
328 389
328 562
328 329
328 502
334 336
237 239
104 105
450 465
450 451
32 40
32 33
33 39
555 556
205 206
136 137
403 404
306 311
306 312
306 324
306 320
402 403
351 370
351 353
239 260
239 253
132 133
132 138
303 304
406 407
302 306
133 137
524 526
4 7
538 542
538 539
451 452
451 454
350 427
350 351
434 436
428 429
36 37
28 43
28 68
28 131
508 509
258 483
258 482
258 259
34 35
34 523
34 521
34 520
102 105
333 334
332 341
332 338
436 436
103 104
6 7
526 526
51 59
51 58
51 55
51 52
404 405
404 408
150 162
150 153
221 226
221 223
235 242
235 241
235 238
235 236
522 523
523 523
2 7
3 14
3 4
304 305
207 208
134 135
557 560
557 559
128 129
209 210
50 59
50 58
50 55
50 52
220 221
151 175
151 152
559 560
106 120
106 107
433 434
433 435
336 339
336 337
432 433
435 436
530 538
530 531
530 533
530 535
407 409
39 41
321 322
420 421
37 40
37 38
358 366
358 361
358 359
409 409
232 250
232 235
233 234
233 250
5 13
5 6
525 526
139 140
309 310
458 459
531 532
320 322
236 480
236 237
105 120
105 107
335 336
421 421
137 189
137 143
137 144
137 171
137 170
307 310
204 206
554 554
124 125
459 459
138 189
138 143
138 144
138 171
138 170
308 310
225 229
532 532
533 534
55 56
423 452
423 424
423 502
423 522
423 454
423 520
326 327
422 546
422 566
422 424
422 450
422 531
422 507
230 232
457 459
155 157
323 325
426 429
322 325
38 39
357 360
254 255
24 27
504 515
504 543
504 505
408 409
359 360
231 232
231 233
536 537
56 63
56 66
56 69
56 64
226 248
226 228
129 191
129 370
129 385
129 517
129 372
129 197
129 565
129 384
129 505
129 130
129 557
129 420
1 21
1 2
521 523
100 102
100 101
330 331
454 461
454 456
454 459
558 559
431 436
127 129
208 219
208 211
152 162
152 153
153 161
325 348
325 327
520 521
0 560
0 18
0 2
259 264
259 261
509 518
509 528
509 522
509 525
331 332
29 30
29 528
101 119
101 107
156 157
425 444
425 437
425 426
425 431
222 244
222 226
222 223
223 224
52 53
53 56
535 537
354 354
257 260
257 258
430 431
27 132
27 28
507 519
